1000
361 214
533 130
16 1
163 152
793 582
801 242
638 77
614 18
425 393
668 630
874 646
216 160
380 71
916 400
615 526
992 991
946 344
838 429
213 186
473 207
353 185
941 51
659 504
785 588
416 184
71 34
147 59
904 654
409 200
70 23
589 114
992 552
517 485
453 42
936 300
179 25
818 701
997 37
921 441
557 360
197 6
329 29
636 527
276 176
331 44
971 458
298 38
318 182
17 0
603 583
329 77
37 13
194 38
799 485
739 674
327 195
861 396
182 137
63 28
739 495
955 488
917 847
961 503
385 361
449 293
495 272
152 5
38 0
556 343
904 849
827 722
853 762
688 373
971 571
970 742
841 469
500 78
729 161
462 414
9 7
553 216
269 191
874 104
932 785
9 0
816 92
424 90
238 142
55 31
469 242
12 4
931 884
825 241
64 33
168 81
342 272
123 25
807 763
149 80
333 38
278 137
271 51
583 32
370 342
811 288
465 448
194 188
225 199
568 404
236 32
177 138
880 673
466 56
568 366
872 847
441 184
423 355
75 44
942 214
15 5
225 104
170 56
821 740
212 5
83 58
641 132
464 462
365 62
240 21
978 347
275 88
191 85
626 440
146 119
517 146
700 691
538 298
247 137
212 24
902 274
285 137
37 9
442 41
862 853
16 10
693 328
185 6
118 54
852 165
320 309
992 478
161 119
458 50
271 159
529 278
345 187
512 281
312 297
885 115
481 408
895 66
298 138
860 531
752 623
193 90
805 437
709 241
708 200
966 524
785 563
743 598
7 0
781 277
429 60
28 13
472 428
391 286
321 137
540 99
617 111
320 268
201 190
646 123
608 323
430 230
510 391
580 19
566 62
932 81
489 136
563 330
961 49
281 57
73 28
412 334
14 9
605 442
529 274
187 133
997 302
396 276
902 226
50 34
903 178
294 210
494 356
18 17
286 263
969 150
326 30
664 372
999 633
415 267
517 77
228 150
685 393
538 516
436 194
392 77
192 183
632 566
481 377
761 270
394 213
229 176
944 663
802 372
345 242
210 47
29 15
69 57
338 280
657 458
385 3
935 659
335 219
678 411
101 40
165 41
268 94
250 171
843 175
538 118
403 278
166 59
313 75
293 231
557 531
381 170
564 512
909 867
799 455
176 147
424 148
344 66
264 75
273 72
363 81
85 0
635 591
224 114
758 49
998 459
758 369
880 238
803 292
122 39
595 356
981 521
927 828
990 854
218 190
951 63
83 4
389 179
940 179
9 4
112 76
40 29
777 438
842 216
50 41
914 543
708 610
529 492
134 72
954 545
781 301
905 555
967 918
551 224
561 206
863 843
150 15
274 215
379 292
958 378
415 290
922 778
461 417
276 232
416 123
720 625
373 45
738 681
906 88
821 61
611 455
590 442
314 304
851 521
967 139
981 489
714 384
433 154
285 172
330 82
965 396
523 490
774 557
193 116
695 315
736 85
198 175
867 582
280 227
919 158
953 949
715 100
567 264
31 17
206 9
862 755
419 143
458 125
337 248
297 205
486 383
83 43
806 230
840 203
284 228
15 4
825 258
310 255
353 167
290 75
584 552
798 563
663 392
421 211
63 5
226 179
843 659
799 569
804 377
351 307
636 231
553 298
933 836
942 819
587 505
858 290
897 414
791 740
599 562
821 506
239 64
660 9
984 208
326 197
906 162
551 317
208 63
242 45
45 26
206 163
877 106
844 232
439 61
628 234
943 344
605 451
187 134
263 185
713 118
932 670
214 75
404 175
362 90
196 41
18 1
360 75
748 368
81 72
643 557
51 46
895 330
207 40
297 74
291 207
727 360
128 99
716 327
453 343
923 100
827 524
534 367
750 424
127 17
905 119
445 203
295 48
958 54
394 328
531 517
125 72
995 146
44 7
2 0
629 216
326 3
591 122
464 327
263 30
103 31
274 215
382 333
124 106
220 108
392 379
736 526
437 171
558 142
723 130
344 312
373 122
531 295
910 678
669 552
635 221
679 212
796 30
200 95
983 278
426 11
333 233
707 89
273 270
891 496
712 520
979 787
907 233
87 83
655 575
983 980
274 47
321 159
935 241
318 182
177 175
817 569
436 15
860 753
741 229
893 743
535 79
167 78
579 73
296 183
862 39
636 579
206 6
238 141
95 76
937 373
317 239
202 59
615 560
456 198
184 44
402 46
956 241
23 22
410 44
264 177
533 142
165 13
214 196
643 443
111 89
27 5
245 105
849 783
489 32
192 151
793 10
534 71
344 256
297 171
872 639
455 72
879 494
124 18
674 449
561 36
458 179
133 10
567 490
486 304
322 83
643 450
175 41
28 24
436 141
229 5
477 271
576 367
771 748
27 23
15 11
600 481
159 57
941 635
96 66
485 266
556 513
868 455
827 421
557 272
986 357
300 206
872 211
847 244
579 142
905 868
519 190
265 45
489 435
623 292
971 553
711 60
463 252
315 45
463 171
513 175
482 348
831 195
585 556
798 608
374 233
475 81
333 108
157 100
768 417
459 103
111 35
179 0
476 135
492 439
630 46
431 179
558 80
277 34
435 150
102 30
795 408
425 57
608 440
220 94
888 313
602 194
557 64
971 293
570 79
815 599
143 101
108 51
471 47
914 122
861 405
166 129
838 5
121 71
328 118
358 61
571 313
430 249
898 455
244 56
84 30
815 279
682 322
781 369
553 533
831 668
930 54
202 164
125 24
493 325
877 299
258 87
838 30
455 452
945 846
467 55
213 197
764 614
107 6
387 376
880 243
818 198
815 192
702 316
462 197
59 42
218 128
494 446
487 17
850 443
419 170
180 84
201 26
206 55
423 11
419 91
833 293
552 3
566 329
206 203
752 515
623 269
192 44
237 99
955 621
720 159
92 16
963 943
333 309
936 443
776 299
810 175
983 231
448 3
715 448
761 601
658 401
272 122
893 841
527 325
806 518
859 246
364 240
828 775
444 203
173 17
151 44
626 356
561 91
443 136
884 462
795 609
658 3
16 2
147 36
843 612
375 244
529 85
860 841
333 291
697 568
634 440
567 512
689 333
175 25
123 7
554 219
791 380
953 501
370 50
907 462
480 331
571 87
101 26
465 192
737 427
525 187
588 233
93 56
172 127
853 594
240 5
548 53
344 11
161 113
939 536
881 828
216 208
608 587
48 10
951 540
527 114
564 131
85 29
189 151
91 74
461 302
88 29
866 469
562 228
875 587
772 323
59 22
532 403
711 484
800 301
153 19
422 269
697 417
597 270
945 858
450 310
480 447
797 526
616 395
178 44
498 273
772 444
729 497
70 46
486 113
450 149
867 658
600 176
579 156
160 77
650 635
238 48
735 437
169 29
17 16
428 412
57 26
310 74
326 202
236 127
490 308
921 124
868 400
220 191
476 44
529 176
684 25
658 19
970 966
629 549
62 60
53 36
487 317
269 69
736 657
620 32
210 28
620 5
864 105
501 441
930 901
308 0
428 228
682 237
733 407
251 225
997 24
811 119
855 250
708 175
356 38
93 7
193 58
868 356
449 106
708 506
645 57
461 220
701 659
707 505
574 469
665 539
265 252
805 505
742 326
606 239
83 9
857 797
108 78
998 191
522 169
414 32
392 237
820 477
790 231
389 69
620 387
352 281
929 229
941 679
891 563
768 88
149 130
518 249
753 723
241 167
516 462
792 390
338 42
924 846
554 409
277 88
681 59
13 12
408 72
828 656
552 12
738 305
919 411
775 348
655 396
603 190
111 58
374 120
820 761
365 82
773 374
187 120
677 538
50 9
986 327
468 178
800 258
830 554
484 294
278 4
273 70
44 43
297 176
16 3
114 57
987 91
992 962
395 292
296 113
40 19
721 393
773 95
469 437
201 13
100 71
467 144
667 218
173 79
398 365
850 212
755 289
661 450
963 268
396 10
133 52
157 24
539 504
984 179
916 261
529 26
302 7
505 141
31 27
701 552
569 50
464 50
913 374
892 614
589 322
846 566
93 72
706 549
610 47
699 324
20 1
330 166
163 93
633 491
969 855
565 534
865 593
56 24
551 74
976 184
639 382
823 292
105 16
801 247
773 236
533 231
638 538
929 358
986 871
942 615
848 274
544 533
885 1
539 381
501 37
194 113
51 22
59 17
88 29
815 608
8 6
164 115
368 324
117 61
891 802
795 705
348 244
584 486
676 145
194 151
383 231
703 74
861 614
472 26
912 397
197 37
470 149
685 205
457 59
395 151
874 10
746 564
869 671
457 378
725 377
367 125
404 388
319 101
436 39
612 503
756 254
716 343
990 287
783 473
406 291
756 279
938 711
793 284
552 179
928 367
212 139
759 362
994 454
553 459
574 177
774 124
302 143
529 111
721 298
514 231
19 15
535 122
575 473
254 211
324 46
855 818
100 57
57 41
786 18
974 676
783 273
624 475
580 437
172 12
738 2
989 156
420 341
418 101
722 281
432 165
572 30
279 195
580 577
465 412
177 117
776 259
831 650
685 246
981 418
254 164
350 213
434 96
717 477
916 47
