96 100
1 350 1
9 474 1
19 138 1
20 118 2
26 118 1
29 46 1
52 29 2
53 87 1
58 31 1
87 38 2
91 62 1
92 5 2
110 6 2
120 4 1
148 63 3
153 6 2
157 52 1
160 50 1
166 41 4
167 30 2
175 40 1
195 25 2
213 39 1
218 7 2
260 7 2
261 4 1
276 2 2
277 1 1
315 28 2
323 6 2
332 21 1
335 26 1
348 12 1
359 5 3
367 27 2
374 6 4
379 8 3
389 4 2
390 2 1
393 22 1
425 4 3
436 18 1
437 7 2
439 9 1
449 10 3
451 8 4
455 10 4
457 12 2
465 19 1
467 14 2
469 1 3
487 17 1
513 15 3
516 7 3
531 1 4
535 8 3
536 14 2
540 3 3
542 16 1
544 2 2
555 8 3
557 6 2
628 8 4
630 11 3
632 14 2
635 8 4
640 6 4
662 6 2
675 12 4
682 6 4
694 2 4
720 5 4
735 7 3
752 6 4
757 2 4
764 1 4
786 8 4
800 2 4
833 1 3
845 2 3
847 9 4
851 5 3
863 5 4
867 10 3
902 1 3
929 4 4
934 6 4
940 2 3
942 2 4
949 4 4
952 1 3
954 10 4
976 3 4
992 6 4
993 7 4
997 4 4
936 149 66 794 625 489 747 13 157 835 274 345 722 635 357 355 292 551 36 629 656 969 371 361 433 158 463 202 535 741 811 259 445 899 323 938 795 773 456 675 626 347 529 189 680 127 558 661 709 747 801 723 717 282 938 938 531 399 923 979 591 272 427 190 518 687 66 879 355 932 472 302 764 843 206 316 189 868 440 233 186 71 948 993 607 787 269 551 524 690 290 479 868 604 502 69 796 331 859 819
