147.294270833333333
120.25
66
146.924479166666667
146.21875
144.21875
146.802083333333333
13
122.25
147.03125
135.4375
139.71875
146.736979166666667
146.322916666666667
140.09375
140.03125
136.5625
145.447916666666667
36
146.260416666666667
146.541666666666667
147.380208333333333
140.53125
140.21875
142.46875
122.5
143.40625
128
145.28125
146.786458333333333
146.96875
134.5
142.84375
147.197916666666667
138.5
147.299479166666667
146.927083333333333
146.869791666666667
143.1875
146.614583333333333
146.229166666666667
139.78125
145.21875
126.375
146.627604166666667
114.5
145.520833333333333
146.578125
146.703125
146.802083333333333
146.942708333333333
146.739583333333333
146.723958333333333
135.9375
147.299479166666667
147.299479166666667
145.239583333333333
141.40625
147.260416666666667
147.40625
145.864583333333333
135.3125
142.28125
126.5
145.104166666666667
146.645833333333333
66
147.145833333333333
140.03125
147.283854166666667
143.6875
137.1875
146.846354166666667
147.052083333333333
128.5
138.0625
126.375
147.1171875
142.6875
131.875
126
71
147.325520833333333
147.442708333333333
146.03125
146.90625
135.125
145.447916666666667
145.166666666666667
146.653645833333333
136.4375
143.90625
147.1171875
146
144.625
69
146.9296875
139
147.09375
146.989583333333333
