905 996
937082569 837161294
820976786 665678399
856347777 804274457
781423810 577601804
948410059 466742104
627916699 496296517
902435369 696076328
939565634 530605512
942027367 260610487
529391262 265660177
855149299 830862222
928159493 704730458
492258231 306826874
866821823 91038090
970535557 656399812
673400429 106451722
924269794 743537788
852768173 479080874
709740731 279376312
826015540 772805510
480062084 464342482
646075896 357615665
871495763 790306273
965612954 536423744
715336312 203293540
844989198 628168030
907422475 839460776
843070760 188296946
543892110 381098035
503289099 466466039
885625110 491789612
728827446 333366339
828802692 150939238
286441165 52123803
268335672 263607503
752383494 647423598
291664467 142309424
542913254 246008737
944751419 42828109
629108969 498940427
95372351 31979030
475353954 78884467
677712406 172854366
777966805 173471426
993055460 360456995
565053497 213164943
383771497 2755082
878672128 483149804
502960764 11179523
975713140 809931355
858391679 647212418
309584580 80834432
972743206 605110084
549003218 364476114
715385197 327344347
845641887 389557330
800812936 300033748
215246296 203831658
663739732 466462784
846762609 828145610
941098459 235765604
616647612 29925654
341999230 270451925
897644635 606460392
734103352 305307498
688424319 627847558
468860518 296766783
179658801 1326187
812821747 428885151
533162426 14521060
669881155 255353378
833313601 50282338
827006264 172847369
874291072 740640925
667488227 450450505
987993496 955683858
764594903 92947291
550541789 248320599
548537071 78832731
833887741 678557831
165376978 72743536
717227004 152092521
742024077 446429920
917475687 739685345
232462620 128169813
867504829 773555844
752421308 363709485
656749229 108685879
226600442 56996970
935579618 228074045
875752295 295529126
461828637 439958972
974154586 507265360
896405216 520893865
245425468 140872950
943067075 652587743
926790166 315771534
602583049 455261570
866272022 32047212
490550507 137255516
872852940 151623860
896409701 42672031
460095668 143182518
290901395 115352200
823338643 105298614
380651586 369151366
903210226 455168709
469648571 455371348
600241218 421683540
820519749 143273168
883546153 12678825
862925060 119538721
238904758 3507078
681061134 4845276
974302507 863286187
998303621 289530926
373786365 300429647
319547402 53059313
305293533 203492207
446602701 135920926
725068391 111950720
737635145 337729506
608669525 67347303
404323691 240785049
760554749 184592485
317550718 309918786
137744423 134162184
341852042 278138821
396922254 338133210
771718715 477132364
787183505 404322086
981609612 647262687
803753640 286592331
78043607 32393959
561236009 527007042
602960789 533289923
437722831 285210035
374315435 206228968
474213151 16955930
799389469 467972929
897368421 757328126
871052422 438920174
877354836 147658036
626351581 502985961
379583590 210008114
924071931 454360636
844848846 766473683
985142296 3186620
879657193 421832912
879344176 360812636
594652541 435224413
558995037 197482738
889614120 133266939
988331602 351955650
691364530 383745135
897561061 282584410
732077855 253682471
804804952 666542955
927319271 115804596
880479407 102946181
352818835 109530737
592313380 155603778
354331801 241252887
867418157 672497574
849257988 251309953
366747897 121695805
880032655 761131422
815964254 501552361
693933326 55998781
405342113 318858809
527186771 156436375
732671133 336436177
882216920 74840684
836273033 329015003
681112642 8527170
665215097 184330979
858320114 558444515
612066572 331808711
520769981 507249601
732156650 196375190
789151246 133691726
622593305 410607957
506192747 281128281
355422274 73827822
819533936 773751688
977129485 670566578
921071304 311426269
896154133 103375907
601200442 536561041
119403015 95099238
211062221 115333359
838503750 440937931
258052380 133713532
824326411 756782861
875198503 633238084
950621594 716606102
829473761 315292448
48712485 24792948
548919775 177968548
993956928 600250949
817803700 82449519
887679453 796461560
371287184 256088513
853028957 543246576
547053595 289904330
606038522 439722695
393273339 358670218
795959586 280133168
984233730 594727067
916630449 850591874
727868166 715283221
237133227 122144877
960665249 378807835
161785176 103572910
902253295 361771156
447388832 70492844
807550778 391479489
679034087 677049118
730883584 5450534
752417839 387090742
335360692 290148644
499160995 171587975
614199114 433790753
959966984 314631835
751353154 668742362
634472031 88666995
852053309 800319888
238078371 85163265
998248969 877265523
581946778 388884931
841085588 680519470
822809143 400784030
572511312 213012849
543559993 432153955
615731625 259534731
369106469 189151821
411044881 309137080
669885240 41824428
890989799 801731385
961649368 610928350
849007162 219560730
988436617 293119403
693505996 616394755
804651454 453012140
598102962 590134968
962744255 519091416
927305540 350185530
341483319 202632827
415400991 194335371
494697256 340141610
638701084 135982641
449158391 16675776
695990024 163598468
539401626 238336316
388071607 74191842
221497288 169015315
860031778 818614122
414414854 327105736
247409953 174234581
645594542 319389032
578610932 314025595
952806827 616494463
876894761 17162918
725829712 122352977
793752076 643229378
705528723 12383614
925489466 49050701
964461531 571903443
975278184 268147521
939873956 867532853
602513198 291237426
554044509 44057648
724857069 591356117
452977529 401398179
733399659 393157761
853638107 585540545
861137270 706673603
792654545 628748737
324125602 172176415
889368989 600091505
578310634 148644061
401294535 4732094
985296909 85559425
421025078 353781216
987102268 816711207
813373798 509970156
946978900 435620991
935623014 578144492
958204207 41088046
450602967 220048996
219050791 58258488
432594017 326558544
596933355 293043704
242203869 112479408
368060609 157291435
440849341 129381116
446317582 58066220
48558217 47736208
645863018 257164928
270407564 85412385
700840146 636456578
841007909 425232927
717754054 284376188
953367895 767246557
939816647 524446488
679226008 661231014
133413598 2915548
927851428 849987515
857427837 182449518
854230458 307492976
961876134 786845536
636151767 309496760
831241843 166175376
549889801 337568921
940184835 89907593
833713633 191412720
427866154 244839691
214150091 86450895
388043852 156623549
967599874 725961319
674737563 302244353
264143173 222680427
896507780 432855980
775057591 232467301
370002143 269266182
854808213 612903597
429318579 5497458
942587411 218294044
392716469 213150172
532503969 498342250
864242112 559970533
364690756 299823123
706199970 348775571
985748837 266096001
569039478 95328252
619625628 47502352
714963187 403574188
907248972 681677171
848572481 381320570
817205961 191135330
341925788 91777027
858960329 682235472
404024853 230912071
781301117 637182697
320525736 11805957
634825058 383076279
818844069 518306658
345533746 24415560
925835445 909322042
836216133 239164605
798424215 628398917
362633979 165450602
618882257 399257174
974318080 653919116
886676627 470148736
508681510 230358445
831281313 244680817
891981753 293575664
654680994 433866099
439016401 312864251
199017483 185270573
325755124 163821950
915861499 681313572
884778602 575328449
851250825 425797481
579841464 301781513
777422081 157203726
841428421 596961370
923941969 277549555
583489658 318625961
584881265 345260894
369712302 231992319
827432576 188048365
611270105 323263453
955584481 270089344
367994654 332036578
707371122 39582814
449380802 439323568
457992566 2887635
901166164 372931818
930583667 199329421
504810754 67344372
701408910 550116307
342947354 153276119
685210232 378892212
522539087 71650264
578268840 80192074
484597348 287085701
780882769 692724462
871747256 529457887
249810151 85438848
529031045 305672467
570628153 155380571
989608718 885243067
409603139 218327880
839993210 589335156
882536446 385016884
760300399 424667136
993205090 507707651
299715791 240895817
560864939 361883895
906242688 622837885
878350450 840474033
491348652 343034208
480830423 455574288
280210333 142004816
919296814 5450763
999050469 50799920
938373006 522617355
479045871 198050747
822939254 565551701
549827768 165725468
403344572 15277108
732769746 159749516
609817524 490295367
933209872 843182537
488194327 233170998
701510376 330910456
818942745 394385334
555761256 189307065
606852260 503046479
335575258 57567408
775857829 172265191
733645462 248511182
989200133 71258519
848097800 80874822
775518306 520920309
881770149 841538335
985943975 82993995
497473113 111448342
115474159 48313838
848534716 395155631
758215664 169870075
528698571 266129130
677483783 642934034
820588911 162721297
240937580 136001470
240600520 109031884
453123523 186339920
383653187 160567896
354397124 241030497
941913446 44217154
880585594 778667319
607972767 45521751
219082258 44042346
966820721 626187637
693783775 39441521
542598320 324822528
383292932 256208514
393468852 266997091
883629726 609644135
410827801 205509694
595363104 283864384
379268059 42914832
477781994 420099048
653194386 526132372
312640202 104158652
969392798 350324441
859692330 657755719
458568910 12657453
832575819 41697644
919953299 62757472
817975218 628997155
587787894 256859372
654531904 145234131
900449420 402661751
894910914 267471173
347424561 155196915
821775790 386348026
925058172 462659233
513529332 57515638
422939489 357636571
897465214 701405556
710145480 286931342
740844759 471810173
992631449 198505175
782024081 548734035
762737623 720574549
581226283 284586103
850897000 93575791
958408394 258350957
574600224 90232008
585677912 134286485
463534493 299490917
934536048 453674168
817512198 347957993
992454687 706818277
878539683 267507058
515828069 310664778
776343070 472684786
510865740 243871481
555053412 146709139
553146382 339628542
219730307 207781960
169763987 100994842
907166013 475671190
861080434 564103084
573713251 286126940
872258737 67342207
281327562 65856411
512552733 441102015
609925072 337655350
307357117 120199319
632151425 415458709
986323641 15119105
637985288 563176826
925017644 592716945
824861035 731553678
679543381 212593147
120982260 115928776
940865668 346552716
362575928 67363526
500033803 269056605
927578164 803556939
412022948 277751258
837302903 164965364
398739569 227378121
618557981 111571325
770486810 559845815
979206064 960495561
841779120 558384509
921056720 552842975
151643958 61239508
553852292 138580219
734011025 548643223
731363307 283352671
194823981 90011455
411289267 370253778
936666058 666083171
975482549 425316249
664323835 34683021
505664786 369567579
465092960 34838705
207814636 201552651
761380561 64426870
816709826 452475283
590080541 353353865
928677345 789552777
583879930 327653311
691023808 44044594
985485052 484121955
329318530 217589259
867264604 394806357
639554231 134580059
587895354 585027544
514766509 473875113
500453908 350778694
976031962 925459155
819284611 473306956
939258983 377327717
803174156 285919007
604726018 80056862
244640943 80607109
873745322 824857639
760791558 132434173
962407616 45611060
684369516 378314377
755875182 461080379
754377240 454459515
591687115 236942673
733369593 119127678
969772723 745974255
244706412 203951371
490086561 370954562
919760505 233408645
450544117 52241976
543796105 103063587
825345528 740166523
932529855 468678859
857268400 825769295
950840924 164044778
425069082 26914262
523304596 49366071
893601927 786728148
886733530 693345872
213971487 8368391
797146140 96901688
877755922 667111067
423040404 33658992
402838300 184892748
285265401 180572698
212481683 58329518
749176228 27103861
337330184 278196463
314311487 95148826
725678398 77026856
570168435 307591329
930995374 54583658
636670411 459330579
552926547 195139969
827817129 333539010
576937871 218635206
682101220 219967999
768337620 650328826
934974877 102199263
201405959 177337874
973092195 812416906
543071253 34220457
769943109 303297666
426257760 94820244
401045354 269159927
697673246 175188656
575908107 431976761
212086224 141738892
405029441 143662654
948741699 199938363
808789880 125398185
647458496 78678910
689145857 406559754
789989028 401580110
358693408 42048865
982991201 302648411
556323284 125355634
774202400 41847218
437161953 421492510
502316726 379852619
426545103 321493728
276454087 104006022
462565683 277173893
708137276 14538623
523289601 343348063
799116178 417803581
822395090 484011088
669239661 1608458
925803498 627071007
705442750 119051713
502897529 281230128
606798226 591911319
955616592 528562287
839914980 272020454
487882966 406426182
568402028 217181302
745069241 721681173
950701948 859434980
638304131 384742065
429195846 321881263
920098924 890024145
953410216 442408530
551965748 90642672
701588475 528300999
787162483 93518397
812560680 806155531
992247868 680478070
324008397 307760507
560944095 9383817
655349737 296775673
639239132 139972315
666400127 227916613
178018809 111180547
711653180 193049020
582169571 356271823
780625289 169232514
826135735 387194114
105946699 6187142
178239807 140103716
905495614 280255072
919466430 322042413
679338397 381187958
202865089 197186707
685822407 153911017
150651198 42024840
78689991 59358352
987042147 156534241
952722194 182976649
707551275 221915209
615097059 456547535
690483922 212014328
846746426 647596241
679959611 260214133
376255372 324308110
496661476 160531687
863709354 202128789
896840133 350158635
990739112 514807275
558731191 150389340
944930577 284418832
537787200 13924126
515357417 402859082
752958341 342222902
635374029 256485239
306369253 298112924
352091995 114546927
652147602 181558376
867720729 551334992
196436729 195940270
722522181 525043730
993471245 630365544
642983334 504252756
377451959 152880070
796984064 217398109
379703317 23166739
443890236 5270070
821998739 553648256
901467139 581177233
461137208 389308513
745497341 593181351
501699585 214038344
329396626 130407259
933699707 346391638
598831722 409888488
340346412 100520535
682092799 394341447
349532472 314035207
704387339 2400156
689080654 317937305
551889882 228995919
662047088 374276260
664012568 303627573
709487954 611068107
528830685 462106939
713724636 485145165
553032740 427441607
278548354 123306321
968013008 485391414
953174003 364444357
719749609 100042147
915991647 541922527
949999731 631603563
991147877 939234167
121027227 64176012
706634400 699245766
998406395 39212524
835440207 734831230
307478593 288097178
682783353 676922494
582443379 78768765
243791226 222262700
669814715 361839557
725025836 26398087
775311201 443643357
727018017 183666645
669251260 612481003
349300778 279971386
422624754 95147783
492010829 486404934
458265033 161930632
329279129 283487480
296591535 40448884
201481544 32230976
927531377 232410751
605931583 492003911
493778255 32189760
988330021 387888537
958969824 782784313
258675781 248290065
742034753 348264990
322316970 15190879
967541511 747865117
514419235 107555105
370267998 130527447
778222180 352607476
809667875 464395936
302184097 111708916
602643021 339682983
572576012 273630187
929290832 374503541
560313445 351874506
886209175 623120995
402883390 345935942
779427973 493226711
755229637 441507147
862290228 552889091
620438095 267891912
857778768 1360329
834927593 819845461
569263837 407179565
513394064 414676775
342633231 281351782
991221417 497022307
790749176 544232782
892789657 709506781
429881005 376763286
999971713 136634707
700616535 281298992
687402164 203323012
548950118 75633552
849919081 717485924
768042292 471359130
733338241 659489051
484110324 259184708
972509821 876331214
316085734 16768105
648301136 369071248
457805274 263949152
672222243 461741304
975472935 392036051
846638394 80471400
428957736 110070232
941599015 128358941
837604406 189697344
839014654 241747752
491192859 208658504
635116822 23039821
370399871 319215656
324622758 208842326
946926293 882188290
947789271 306197927
999541818 745322415
954601276 471624365
767710728 645619809
852859862 669880765
592743573 211904708
975761210 816723203
904335445 283571472
736944267 83568200
646654589 124512445
190404480 44724934
999186637 477354791
903677886 186058471
365476994 200498629
544208525 30849740
856557399 77751031
888035807 99008619
266978988 86593084
871488238 702465396
863572833 448205401
617896113 338523786
961256448 762543499
154944432 104560899
700376455 612416677
925087020 636079799
941878144 73670555
550594703 49786052
960860926 857024239
997857437 93223856
984134007 981184140
195942446 53983564
863024136 392435915
907229546 887275758
196208528 97838497
912697340 514114404
573902178 282319305
952676749 636036458
310318705 306413156
464759261 283174989
417489534 129166176
309467843 65998467
74697195 22610276
548125667 531218541
93320363 9644135
538035699 365054907
570292801 420011008
660410060 299166627
980853924 476465924
842220506 741436240
531486949 475554146
939990925 888070490
430316966 392013121
761802486 422281493
792225490 448006286
886434982 478501828
637719833 449573533
941398823 216064620
859301056 243684557
499209741 76215208
700949986 499945563
250885397 192397995
836357013 479303061
459084953 208336019
473271568 209368271
674874427 46447468
764990096 627600140
905296728 526361158
946567690 657245042
494641983 62601378
525199416 481334425
726755945 340407102
720308148 456620453
836425184 148902751
445516021 157446839
825506259 3678069
330228215 129321332
386001485 76358177
195801868 103240256
991636808 687996630
829994270 466224342
513396455 307490454
916443952 544372671
971640190 186407912
200001659 30723673
514901854 222425789
577416752 516816971
618356366 308269902
716682387 676781313
833965161 257733426
810092029 605217113
778828821 529894269
730414834 578011497
815325576 69290207
359915423 26636446
143309127 6956719
351943662 231963542
700686628 654577473
165470622 7729766
952021441 524951756
557748898 463627810
27440752 4253587
806326354 422461280
722262341 163227104
647813354 227472225
575135242 286789031
718926644 357082535
984078664 336349961
790279168 59752996
776156279 468529953
974046418 53096957
414215277 384171018
807250951 749338344
602591754 554949469
503854787 263996122
86253236 30346829
848065582 703580392
977410011 16232768
656693826 586530132
254019224 97092944
930326125 883006880
987438250 144895602
726904660 341278834
410618827 284889376
599032412 535854371
552855427 416092180
687966097 503802668
992729129 290744864
134970636 35022725
479670215 4698183
529135637 501601812
728715728 564345154
953698600 751821670
949330389 59949481
996323036 960201006
632969104 43411769
927460149 54258041
361207303 188110884
508924050 86557329
341360610 242967449
586457060 422326719
809064083 115399940
868282986 170179881
669403400 525969286
763883760 371249073
838626099 779877761
434876922 102069496
991566950 94886666
728465707 437404523
687153810 128196711
848665577 53626284
558563668 276756669
482005637 434379609
102949710 18236355
143327732 110277628
458385356 89075195
374275471 343674957
389996474 215523810
961055524 525410260
782951300 500411251
858236830 615140557
783610816 238159949
550204357 496893809
995979834 75607368
805863904 594895388
953113701 445516121
740930867 32949147
736808462 231429458
665975500 250593480
986819401 222704966
536381310 265877095
862561413 360360946
500492656 154377514
857066640 95807169
248766038 173600688
374208408 346393890
920820644 874228301
464087406 154489438
781064868 157222940
917757084 546454456
757340199 394828834
799937649 506101099
699694320 363129511
905605839 355127440
758255149 518535217
882420121 400786728
939702367 851422760
604915256 457311942
928864939 696475547
471905878 227154424
576413545 35178240
499921606 270043845
939030544 573791261
854307467 242985394
821286463 504131131
641537340 290056792
688832270 555915672
288202785 103873979
874184205 657676496
591506517 285375446
933544862 123423967
573218369 111420159
528698483 97012666
854846622 186588218
890400236 227613630
949569750 42556594
999020406 320141796
944643736 20126933
834151742 16766008
816253097 233449778
877946836 553062816
649925459 143730374
900927390 530578750
814202759 675091816
364312902 208967173
609599023 31128865
914724773 162147309
797501992 258444290
577525425 118800473
514917783 446773807
203531436 35239527
976077904 679448726
868602851 661226644
416946107 41170296
846539296 534136766
168236794 121375289
519011216 427724264
149734731 123318934
921708692 578408440
672310687 436234867
660229080 335480432
679086574 652454268
977251994 745763167
534565279 459571565
564602547 176767039
971418384 123388777
193535666 39309382
458460807 333640137
645470435 548044738
620599069 192046294
691244041 680686800
768833023 20289861
201558828 53259075
811511053 615446787
359541308 140042067
216377957 86678481
964282298 233492749
191330878 86587704
987618052 789730502
868551032 477107179
216973580 55258752
951146485 625465171
263780997 154962036
858266827 48260600
785829536 284956598
808659686 362702098
697891185 456607150
929323927 699178477
573166302 414520591
229322055 184060585
663357566 278542502
597593607 181234938
333636148 277006609
633434318 608084789
887840577 187745204
684632706 676611695
565666299 338130749
585688648 483615574
701115271 315257773
560387709 346802790
310616926 224733324
978753031 171314001
390972218 355491093
513184847 334451088
779737841 605180896
387138806 298698499
335736329 121673216
877820169 821753291
494353576 117151112
660159988 130779513
105948419 78983446
819540640 660766059
731891581 307948899
934337648 78845219
186649957 5877251
189496702 113690105
945351089 571234144
803222723 142757887
663770857 401379394
209114559 36316114
318595279 256732018
869100072 281482161
541891254 216562710
903492007 125620509
765465588 177601407
716552244 148203696
738028601 387541918
931941898 852410682
629138713 484230471
556320091 348834524
171249273 145092650
714476430 682732654
991148535 647583685
523238362 57744239
857048462 457389894
896040803 603692630
846318513 359698280
866550429 142431492
890009079 213095062
602293965 476481539
975386281 948044802
729749390 410735454
871512931 55866090
599279436 392689617
924232145 174495547
915170907 487100925
955882087 675754594
354544480 267882875
814458100 773433262
557605658 430568170
815102364 118829727
931634048 46450607
802211310 362977242
463561685 371419827
977479214 143407502
938683604 148546654
700664201 451450564
234202591 163682416
827829434 10657068
541300569 408050979
987082114 890701375
641389908 387587015
793331579 87482644
844011777 764025248
503972246 30428929
810196715 386638039
993710632 739248132
628762658 269068459
997130014 970152778
720783132 355495395
239585324 186238538
878654539 268464372
885545450 80911521
635655652 616183774
306829920 215291824
821409947 280483873
509326189 206279832
873089039 738890825
282755917 170772744
826121394 461852915
738472816 618182808
721729440 545419892
292464621 25312372
684506577 69707013
650754959 304500086
64272200 59728674
268526225 54424544
453123888 99568561
213904182 168342505
991769371 81456698
875459358 351703755
753653100 703839162
379802121 34470867
532020944 71136257
186667764 18185167
867852219 129434531
983215993 908155122
605785158 181720625
910201996 726049483
934388380 828038997
385573650 313482204
792860686 635732379
500616762 317235075
774484150 245895290
594597108 203701015
514636030 384443009
746507481 165586931
564952451 179322886
733342203 172060753
999410871 939828355
500277360 108065411
680723958 259711207
839808383 107874671
254937653 97119582
886871474 698089869
551710620 273617842
205314171 98809348
633099780 125010030
649730221 391578596
894398817 808902100
876462298 509686831
770844390 398128858
768304736 436622694
982785455 28207161
274208506 85779443
779683720 273958773
813809933 11170088
626297793 568966760
848681474 411168727
643248785 621284350
708814870 523068474
420137094 135364412
968296858 81256622
860926900 824733031
969691482 747537743
602830142 230718633
338404507 16132460
696126208 261167775
822299551 401589361
661095305 530336913
232653630 92691233
862732679 519642350
708250045 427022823
512152924 414062691
602837390 478693325
251889321 48494516
520345718 210833517
618066124 536009096
960903172 362762392
985036796 193495362
596536288 56347800
639493578 491020283
190968734 162635140
761474315 587464323
645204349 241158589
362269309 38946095
900346732 311646174
779638471 486912089
987612365 279592299
597721894 187985354
759841197 610597766
966059159 666611827
732506894 124257383
374385850 104498033
493184425 101860775
987580547 257280364
787792112 499640333
818952705 498472054
748885504 462016017
934032680 208334789
822870542 155356915
599780093 192354194
766934859 89666608
940990602 200459777
597677343 73855730
530705727 306918574
275787862 68256002
953676170 837676010
893476878 36196021
205791203 82865068
949967221 667303957
788167242 45770630
512025648 443646880
818884716 188861471
847114997 749366948
567070218 479463799
430784972 227564537
788908166 393355533
376588501 247685012
333032140 21974389
508426130 402382920
812202626 418039420
864589961 579960205
946863601 946072015
302789366 28376471
451736355 411773411
884433706 378688967
650504242 86641222
850046060 465864857
194873788 45045424
539853636 426379809
597422506 339205290
586484067 172684763
910841158 658821541
817598050 400679143
874450350 789416846
699226940 203589463
934742634 102946114
881310512 40004394
760969899 433627645
828076710 539069660
941432857 371315512
881433446 284019715
878177208 108837378
970856191 713371041
987305673 132803789
991945557 547883743
816849526 731381678
997768438 993823093
670438745 198547545
930276597 409343269
259417188 161665612
964124646 916315857
918022255 837256679
818511414 64803088
935868511 256868281
595143008 234461464
671552362 256600608
558777676 36395907
718581635 149778125
418944579 175514109
850612420 653452342
373637146 74576592
658742072 588153680
708876997 70050931
898348138 512013419
843358482 416441398
560230156 212143353
685367197 463847107
982221065 320648281
603775139 83888060
446844396 436609201
768866423 342067040
652144486 370482996
225903673 75976138
845730646 680107596
928106995 740439671
970408161 95465854
502530321 165636358
568721860 155202938
699453392 508766813
478484044 436803213
647470065 622401142
990354443 26356319
185248395 182686436
710242829 174354957
968300756 570340649
973689312 289086133
856525587 698351982
477344979 59835399
764515323 47864103
306616922 182891
866570101 357334268
152601546 114438529
574139355 555178866
932741270 913811163
697929745 631238984
608057203 230700491
187217212 78943289
192813731 21758087
429128726 398339219
796324494 190796975
231423533 102895877
502740935 469092527
915708082 470607710
587990947 382086263
894414526 848703978
956833787 410546391
831175193 286649598
527308066 17663289
837294423 772161180
888650225 356186912
689073775 376005774
367671503 239069754
375388428 38734516
952478902 82447832
756073192 268690962
985848879 81154272
608264582 305703958
737901962 481553602
921463652 519385791
977292737 910096942
983520329 145487403
477734127 311507297
789273721 529930734
414014607 347973762
859810221 451409091
922599988 230588128
990373081 336663995
265197565 6294695
938588469 508607444
901742454 458558207
789176777 375521369
992993096 483921783
331539271 146583822
382147615 105285022
258907991 233522829
507170966 184142620
887465677 165266098
517135292 184709554
672672726 351317382
923279588 281467487
486318724 176291463
854388555 812320987
806258373 215201315
624903371 254755382
679873291 322376074
745353861 605009365
991145920 18851587
464996842 368028980
642178222 231660806
549006345 201937737
488224918 390026395
719948454 356680090
991088208 541730278
730899622 608750647
966021815 588557644
716559450 383600666
378090433 199032171
979141216 111039792
754327073 183694136
654274650 539177343
884794940 485723725
810573661 108535904
445765386 79190823
971815793 8449252
662774372 661812480
441773198 169913266
943136727 917422354
450308902 343547355
688127008 455989000
514996137 290271537
703475472 122580222
602250717 210605914
844036954 399207274
814132986 647901001
237563748 227683289
424116742 199461811
104382929 24623445
766312303 629241272
316044933 188086428
201525799 193254530
636324686 548163902
764014811 14870414
404146056 26345529
236217648 158697708
717169189 168598155
856225849 600012337
956495901 599099045
501043832 445114737
376988691 349266074
230223948 49068688
532946937 251055893
413783057 384594615
564407281 162803969
792869413 116552093
962375485 74036714
815553659 537198561
880160767 744581900
354424502 213821761
640607777 12871661
904537576 769808670
620536342 449893938
925013785 243580049
987941246 953108229
504721678 196524423
541528695 126555401
666103617 382367169
940546310 609893406
210791616 114522581
750193781 596300753
658624310 15394634
414326156 353139733
717891759 362956102
554007935 505886615
796635564 641678009
989460032 778432049
532963761 308648131
718845014 9635845
697852184 61964172
261623794 6653180
810503726 336560087
797377533 285562766
559482803 486891032
241446120 196154716
713354774 245501084
917936115 408552941
716249440 640068134
833119531 412697263
627972314 141265596
763843205 414139143
291631592 163697490
869747724 249660507
621649835 129883651
972904914 362680638
905055547 450645709
960621494 295817484
247967500 139340515
771827815 258280896
678964078 454231715
480077590 411065107
701035222 603951947
769406287 70691858
719340537 258231791
463778057 372641386
687399839 427350252
414097280 59992258
384044363 370403270
598176937 541287684
870793339 232387770
467122534 454393175
965804744 285097788
316198659 166720158
476881641 158538652
460276745 259500130
564863284 168642738
454272203 433647539
525550798 426831929
699880773 615363819
825594341 124198021
755184144 705622575
556637876 407677474
997402315 655232869
361851978 204200835
755275516 588391806
605780718 232750657
507053737 420910054
849307373 600393737
948753931 508667428
959991510 820498168
751991378 238173305
379491088 164070140
588097421 308158230
999710224 725394063
804449535 315452693
942371524 580772130
290738477 80859002
883684799 365692259
512659724 317613828
831842024 88903334
803106685 540399959
953977429 5217623
921089257 196112358
595077166 449920914
577330199 212275144
224557565 93028491
423097086 88267869
469322669 157461814
493236821 234781473
783845082 373085146
947495460 917868876
661411653 483873727
813492443 526695418
370796048 277608869
760762449 236823638
648781521 119023541
510098627 359146958
715974791 248334015
449893322 87871518
719658489 397907336
959281134 500365133
776886965 708318823
952972028 203698185
828575246 567241019
85622178 52377397
789411687 400878358
974336240 829554477
938044696 785827423
896157644 511240014
731519460 659086776
351716763 2203108
928139594 68945808
733954268 435403795
571425460 108626480
816615833 78371929
319757744 299196072
907558587 322706136
344667679 117205746
775225243 774343823
999063141 822727732
397216161 86640345
622279454 401557553
708636030 276061006
642904279 456821546
206418879 149065809
980292555 958815756
959900514 264092059
163478382 131358529
513777516 44240772
614886847 99842363
764827669 39570369
350734034 339170595
942672729 891714662
722291572 657608726
698919586 107828305
318508282 301598303
620992738 619359997
275748831 259335129
835792281 689548279
319691635 124617431
466167387 459115060
727663560 356768923
673920394 427166756
487242859 290251794
612250598 82547523
850222588 22884536
724808217 286688452
814605989 525726287
956749553 298664375
852172248 198685349
711581568 558706054
365566870 261039449
603788110 89314889
647458085 170559669
356087935 233695795
272675013 195138721
840236813 601753966
719697585 139889024
767423036 707557546
658437667 374546375
688091377 327456717
986261471 77749686
485827368 250191474
657517009 625526277
174238652 61605777
812929518 686176119
259429656 81104071
262945247 161251189
144053600 128401880
620670423 179979177
662291783 383848564
528337469 314558734
678625277 363356127
698728205 302508586
515142550 323498956
608742492 65195858
84986662 66513923
823021580 591703907
617998051 163073774
358823060 164232520
795537181 427759507
662006958 447149542
912038705 390595638
457650416 452879011
950316382 456461826
966682281 100181268
810442768 78759574
401908240 83104635
899251786 272570797
878914355 102590293
769678318 511298952
350951272 28129336
693255050 669561553
148071812 130781353
477882199 206221895
534866819 252761390
508647125 239582006
825610619 645916697
644657258 510569253
804449122 489076427
473775873 25439726
868940404 756607458
651138407 352594621
812297892 56337017
536160359 43856708
574784607 340206681
984646275 107936730
895773496 848413381
391787355 108940385
570151655 373326265
654220698 147259860
851811635 173551989
671982115 60666700
382666937 51351443
522658966 247289559
757767242 635466555
746258638 131188429
446632879 99107505
753318364 23874481
386336827 134211645
803805694 240489371
963283969 463924805
918292577 618479424
745370231 216855540
439223282 59574052
972831926 568152267
721707343 348488281
563814893 353265125
424282781 192503303
755076441 412552244
494631315 223268803
742539474 50745486
988581468 800552320
633691863 618643777
503382986 82515869
427749901 202758857
803778091 526840684
659032790 449018096
897958852 801479042
823706837 705600522
637363330 420067275
912501725 654321766
409339813 178848961
960557805 406217176
664542748 488964981
564446315 192177422
526412657 140123062
767934463 458620977
988923740 208283093
685951933 644559297
820193099 210591594
792338236 375071403
441555652 343644129
957294952 331507227
186532266 39077093
462457897 317319538
641992363 6565840
520974418 96433040
326909776 255629946
604552236 597295177
985751959 214095303
685399102 26165238
96053630 45600595
566127001 19545581
683309510 122260507
496242866 367600056
329871202 176827215
567519826 525306130
976831158 60172470
843680619 697051474
422101438 216089469
894902637 318867299
528258279 507212949
681830897 310559679
968052922 924824309
830959631 403635630
742852066 442600653
164615420 98071117
960118821 261149199
959266304 765899210
380581025 322928664
786574386 222364518
658336902 94283204
855656971 342100031
651688245 469819618
691317990 689784665
947575267 805725476
770684905 344984660
835755980 676221174
210396868 77159914
664331772 180455368
883007419 624624161
530416993 345789563
714396548 455737263
897898081 202574079
891876652 681637328
996833570 100180682
273586379 143905166
491018816 192200933
942743243 852796971
817027229 394403811
529936001 477906814
676497386 525115658
582521757 513908236
964989712 926780799
880989629 527223529
449991684 288325228
707829763 539990076
980092416 411466911
559933049 260875293
939263769 139523220
944070927 263221433
200434223 153745044
954863804 869746070
269039014 233623036
723242180 65301497
836701497 250884084
307865670 141766444
895995940 882201056
477722536 161222354
961241227 349410897
283818803 247778490
704543451 389015612
273771713 197532442
404800897 15991334
429749068 129666770
338099573 9872232
827744371 612043859
738030143 308922890
884035783 596721649
945980509 138403289
884788791 668090110
967375147 220502778
989943649 45522357
534033126 187377800
355811985 258866498
324395693 223056792
590698689 426251901
917153753 235649048
822646397 426583684
435857016 185453370
348368845 174696338
871592706 589182509
822565806 1652511
951273705 187691411
818225566 238182931
973767839 344380282
310170205 72234130
754262462 441154688
565297430 309791694
332159716 136503010
502806128 79477713
926746039 387694450
933662187 293902881
735719178 237470231
678344284 342003967
859819462 426650619
863114993 46608647
886217557 350063610
896660498 575370014
793059250 208128026
457328475 230185026
314762409 149035589
465644916 414294035
868126738 728620287
507074553 404016800
766769024 155920433
776696878 293009559
578672649 515128225
785047382 383314330
486054825 288852665
790103545 383786955
496585162 447111
552812094 141124733
902877961 867022722
998115111 128378027
793012540 67460168
456118294 113060450
639028472 365516871
138962842 118780186
279342843 7563986
714699862 602723531
763385901 688854173
534122849 387339403
327755233 260773703
132710561 52368612
968920446 962310032
931446065 929123302
854477357 318513740
788617885 505111929
578751976 402455417
775759379 19472768
213760919 68380236
682650678 161679167
777788460 82415706
950821083 490808497
536825365 54349926
284922420 215727043
568887071 233725376
735234638 46897543
836601687 507582834
498848532 361753360
460162845 431267003
972539825 380778587
710522844 631030194
227308831 150696388
318433128 4416618
688072015 269144022
638886728 554531223
740434613 418854269
371936915 18242305
612820844 522379107
413817277 190220382
537701746 28966290
747276414 5720889
322265948 217412024
964669729 907294385
616553807 311062474
551236462 475820798
923541996 84103937
973819196 802828468
639222793 87282711
971800463 261808121
574435692 207679351
646954825 440733705
921699243 552142374
812036299 666971778
681165949 314658193
843199053 656284695
194266978 15382249
736599161 73311540
763723263 24449782
937124426 153270324
698861979 341391165
398212644 68216102
345173724 230171482
600909128 578693509
869390048 398598972
56337800 18392520
800732556 632904156
607817449 74042350
934460826 214197759
827899712 292554876
909106530 598897945
996092046 828891852
660724902 333270459
838171389 364238618
295517471 429413
453696225 378294308
441395132 406155299
737626513 139850756
959162354 541646444
442233553 222565775
706306785 185653358
490561707 108311848
759641288 698207796
702085838 455967317
827110355 453003497
533889860 125246801
813180538 205592255
303032099 293168788
941732215 385996399
801467470 720196446
206190428 131758521
422601475 275636086
141940584 66957152
