2 174 2837
2 2157 3383
2 1765 2994
3 1099 1284 1926
2 2429 4170
5 114 1801 3858 4113 4557
2 1345 2737
3 757 3059 3756
2 529 4329
4 1783 2832 3665 3677
3 557 2770 4219
2 1169 1438
2 3032 3093
2 34 3190
6 656 1140 2300 3001 3347 4083
2 2952 3535
2 2943 3166
4 834 1234 2232 3675
2 2317 3356
2 1120 2135
3 1059 3833 4556
4 2738 3312 3762 4892
4 1683 3353 3814 3862
4 512 619 3418 4953
3 1770 3041 4142
5 200 297 336 3143 3923
3 803 944 4669
2 163 492
3 1757 3652 4119
3 523 978 4439
3 3747 4270 4698
4 1054 2675 3224 3297
5 2703 3240 3464 3901 4324
3 364 1744 4026
3 344 2938 3080
3 257 971 4051
2 688 2604
2 3802 4074
2 579 4499
2 2421 4394
2 465 4217
2 634 2395
1 1633
2 455 4833
2 3493 4474
3 485 2158 4689
2 1946 4639
2 1113 4455
2 779 3220
5 2251 2269 2789 3230 3409
3 849 1842 4788
4 682 1211 1303 2339
4 936 985 3357 4515
2 3067 4895
2 894 3517
2 286 353
3 1598 2123 3965
2 482 3388
2 915 2516
2 1823 2499
3 192 1115 3818
4 790 2891 2960 4313
3 1147 2331 4193
4 22 457 2234 4643
3 396 3333 4204
3 3341 3935 4632
2 1616 4418
2 507 3757
2 182 2745
2 1971 2356
1 3980
4 189 1072 1845 2956
2 1628 4494
2 2080 3565
4 976 1170 3589 4029
2 18 4837
3 1729 4157 4338
2 213 3142
3 172 3939 4016
2 1423 1671
2 212 1752
3 614 664 4075
2 1694 3031
2 2456 2617
2 2393 2631
2 509 1046
2 1468 3013
3 3072 4240 4510
2 994 2831
2 323 2352
2 1444 3371
2 2212 4090
2 1568 4213
4 124 1420 2179 2676
2 315 2454
2 974 1987
4 1067 2601 3750 4909
4 1865 3167 3763 4158
4 1337 2140 3907 4070
4 786 3477 3714 4692
2 3446 4017
3 3329 3764 3898
2 2661 4898
2 1218 1589
3 473 4139 4796
2 956 1623
2 841 2294
3 3420 3788 4190
4 472 2910 3207 4288
3 153 777 808
3 1405 1659 2907
4 1927 2704 3126 4171
4 1339 1940 2981 4911
3 2225 2402 4468
2 4261 4793
4 1941 2289 3918 4397
3 25 2932 4381
2 3316 3848
3 324 1431 2855
2 1023 3428
2 3008 4782
2 2060 2136
3 2227 3150 3583
2 920 4733
3 1592 2777 3989
3 2439 2914 4781
2 279 2970
3 528 953 2256
4 180 745 2261 3893
3 1123 1492 4371
2 270 3120
3 162 872 3744
4 2118 2542 3712 4132
6 435 1725 2585 2702 2905 4209
4 85 2385 2925 3282
3 1286 1365 2751
2 684 2869
2 363 2605
3 1457 4442 4449
4 3287 3987 4438 4513
3 1244 2733 4477
2 784 1528
2 515 2041
4 93 505 2216 3453
3 11 3429 4160
2 2160 4926
4 88 376 2833 3447
3 742 2634 4068
2 1057 1502
2 1302 4210
2 1756 3229
5 1692 2074 3051 4628 4947
2 815 4949
4 1594 1860 3513 4666
7 214 1051 1280 1291 1333 3707 4444
2 335 3664
5 136 432 1131 1399 1929
2 600 2747
2 2958 3450
2 2500 3723
3 2651 2780 3302
2 3299 4062
4 354 750 1089 2358
2 1832 2013
3 1887 2723 4872
4 245 1269 4350 4369
2 836 4677
2 4389 4859
2 459 470
3 1299 3115 4479
3 2527 2865 4188
3 668 1319 1584
2 1245 3567
4 1377 1503 2333 3358
2 1911 4105
3 574 2698 3277
2 2705 4243
2 1135 3838
1 2911
2 265 3817
5 1834 1903 2150 2271 4235
3 1143 2849 3959
3 2205 3116 3559
3 1978 2655 4309
3 1117 2043 3480
2 4018 4297
2 2587 3522
3 840 2027 2483
5 298 1177 2537 2768 4383
4 1498 3599 3835 4032
2 3509 4779
2 2403 3089
3 897 3897 4361
2 1990 3732
3 1667 2035 3457
2 1635 2313
4 663 2362 3326 3396
3 2382 3608 3951
3 2110 2139 2274
3 538 1730 2741
4 539 949 2858 4197
2 1800 2446
3 709 2221 2814
3 2861 4030 4271
3 947 4390 4592
3 2603 2846 3824
4 422 686 752 3977
2 1213 3177
4 1064 1354 4646 4774
2 1358 4838
4 211 605 1227 3886
2 1338 3309
3 1341 2367 2465
3 797 4206 4721
6 39 1036 1754 2637 3419 4620
2 1778 4377
2 2630 4254
2 2798 2801
4 2127 2278 2318 3192
2 4672 4757
2 1086 3270
3 1939 2476 3850
2 3140 4380
5 1525 1745 1755 2005 2939
3 1870 2211 2947
5 104 583 2336 2668 4437
2 1714 4664
2 1663 1900
2 330 1886
3 1889 3010 4851
2 3363 4399
2 816 4167
2 1719 2416
2 367 3819
3 1092 3034 3866
4 1716 2182 3110 3262
2 3176 3242
2 1003 2683
2 1285 2431
2 2307 2449
3 321 2215 4082
3 2180 2420 4430
2 2557 4554
3 3186 3352 3740
2 838 1402
2 493 3754
3 602 2838 3775
4 3654 3921 4344 4790
2 58 2153
4 549 2635 4425 4642
2 223 4708
4 3772 4124 4184 4451
5 1748 2012 2117 3040 4245
1 2165
2 97 144
1 636
1 350
5 1102 2086 2399 3028 3648
2 628 2870
2 2853 4365
4 122 195 2015 2971
4 3374 3375 3552 4717
2 959 4523
4 1225 2287 3020 3876
2 870 4819
3 1155 2384 3298
3 2401 2799 2864
4 218 739 1804 1829
5 69 1327 2264 2322 3529
2 4064 4636
2 3307 3748
3 818 1550 4015
2 717 1253
2 2662 4398
4 581 1877 2295 3563
4 535 3194 4053 4583
1 4729
3 2691 2829 3330
2 113 1104
2 1618 2671
2 3074 3556
3 1463 1470 2521
1 1258
2 4152 4566
2 3160 4208
3 2239 3162 4008
2 98 4823
4 647 948 1972 3234
2 275 3259
3 3029 3713 3825
2 4693 4880
2 3149 4482
3 269 774 1371
2 2561 4558
2 3815 4069
4 274 2250 3199 3836
3 525 1776 2999
1 674
2 2506 3506
2 3437 3943
4 1944 2732 2784 3359
4 1844 2056 2773 4789
3 79 3208 4684
2 1366 3614
3 312 731 4577
3 2541 3210 4140
2 333 3981
2 980 2062
4 1205 1717 2539 3749
2 2884 3455
3 412 1710 1912
2 3196 4610
3 454 853 1144
2 1581 2280
2 4186 4357
3 1320 2254 2351
3 2042 3156 4863
2 3999 4732
2 1661 3993
2 1541 2920
3 2137 2919 4050
2 708 4073
2 4122 4696
2 1010 4574
3 170 3236 4808
2 4385 4723
6 458 621 1066 2022 4332 4370
4 1957 3456 4249 4375
4 233 3449 3801 4539
2 1975 4821
2 2102 2852
3 2369 3752 3970
2 1251 2474
2 1684 4741
5 232 981 1220 2485 3512
3 262 795 2586
2 593 1705
4 2009 2200 2247 2860
2 1696 4933
2 205 2049
2 86 510
2 776 2899
3 1920 3957 4890
3 8 495 2189
3 1025 1512 2584
2 2375 3165
2 1479 4106
3 921 937 1570
2 1838 3016
1 237
3 2003 3458 4405
1 1839
3 278 2073 4773
2 898 1876
3 1002 3692 3805
4 1168 1191 1954 4049
2 2984 3988
3 9 1894 3313
2 623 1650
2 2467 3979
2 3168 3616
2 1648 2800
4 1555 3109 4086 4490
2 997 1596
1 4878
3 645 3879 3954
4 171 1905 4224 4454
3 2116 3254 4111
2 2722 4272
2 1567 3551
3 869 2672 3789
2 2878 4143
3 178 2570 4901
2 1313 3912
1 243
2 2794 3720
2 2688 3276
3 658 3741 4791
2 2990 3086
5 604 733 1536 3525 3630
2 48 3463
4 550 1901 2711 3905
3 449 3290 4740
3 1293 3033 3121
3 10 706 2653
3 1296 3519 4110
2 1735 2293
2 3053 4097
3 1335 2263 2265
3 794 3774 4938
3 1424 4448 4580
2 1693 2708
3 1917 3101 4126
5 806 1565 1777 2029 2730
4 713 1005 2553 3626
1 1493
2 1158 3022
2 1055 2006
2 2149 4156
2 2674 3206
2 404 1449
3 206 3296 4234
4 2201 2438 2518 3306
5 337 360 544 4100 4900
3 918 1188 3088
3 2389 3903 4481
3 832 1362 1486
4 965 1625 1820 2462
3 503 1824 2756
4 1772 2859 3004 3399
2 3978 4835
4 71 91 3625 4201
3 712 1435 3865
2 982 4521
4 403 2641 4486 4795
2 487 1182
3 133 2781 3697
2 1734 4657
4 886 1263 1998 4929
1 65
2 4099 4402
6 41 55 2447 2942 4144 4613
2 2819 3130
3 1346 3346 3934
2 2357 3632
4 910 1109 3235 4763
1 4237
3 2368 2677 3609
5 208 720 2415 2507 4897
1 3812
2 829 3650
2 1500 3063
3 1388 2989 3623
2 3394 4042
4 1681 2290 2834 3471
4 1076 2749 2996 3695
4 259 773 3153 4079
3 1295 2436 4913
2 500 4359
1 2240
7 677 1612 1704 2130 2452 3889 4054
4 202 1097 1451 4041
4 120 3256 3494 4178
3 513 548 4601
3 629 2277 2623
2 2164 2624
3 1091 2219 4777
2 3701 4680
3 1713 1837 3667
2 1665 4726
5 118 372 2955 3674 4386
2 2197 2573
5 1127 1469 1962 2061 4196
2 516 3030
2 1052 3985
2 383 3956
2 1248 3779
3 1428 2051 3014
3 143 1701 2099
3 1063 4202 4830
2 2497 4341
3 349 2253 3931
2 2338 4214
1 2879
3 1637 2608 2680
2 675 2564
5 928 1571 2190 2475 3564
4 882 3588 4022 4540
4 283 292 1310 1969
2 726 1918
2 138 4586
4 1874 2533 4310 4327
2 420 4019
3 871 4260 4502
2 2987 3501
2 4742 4954
2 135 2419
3 2284 2665 2842
2 2706 2933
2 1950 4668
1 4722
2 2628 3241
2 1576 4576
2 94 3929
3 1184 2032 4626
4 736 987 4334 4624
2 2450 3385
2 210 3319
3 2365 2854 3091
2 1806 4621
2 1960 4095
4 526 1891 3768 4000
2 1447 4169
2 471 4286
4 837 1122 1645 4831
2 418 2877
2 3027 3867
2 49 3466
4 316 1397 2792 4616
2 919 4936
3 1124 1414 3778
6 1403 2804 3452 3803 4633 4731
2 3492 3539
2 612 3996
3 127 565 3427
3 689 4792 4914
2 963 1439
2 1 855
2 1203 1276
3 893 1101 3847
4 2138 2207 2320 2472
3 3119 3435 3861
1 2839
2 1761 1858
2 2753 3292
1 368
5 704 1260 1353 2645 4756
1 17
2 592 1009
2 566 4869
2 57 3244
3 145 1945 3868
2 1621 2181
3 768 2050 4700
2 554 2350
2 1181 4727
3 878 902 2621
1 1585
3 325 1892 3678
2 387 3094
2 946 1601
4 73 1230 4252 4739
2 83 443
3 96 1229 4165
2 1390 4298
2 3489 4945
3 1819 2315 4047
3 132 1515 2104
3 1383 3278 3902
3 1605 3792 4570
2 820 2306
3 1774 2249 4275
2 3662 4818
1 4316
3 911 1780 3238
3 1464 3877 4427
1 3473
2 1852 3562
1 2198
2 680 3155
5 788 1699 3530 4194 4279
3 2736 4317 4423
2 1216 4351
3 2931 3478 4751
3 1497 1631 2808
2 1546 3332
4 3064 4136 4614 4961
2 2427 4491
2 451 1873
2 2901 3413
2 3511 3982
5 100 914 1590 1850 1961
2 3412 4134
2 1988 4903
3 1034 4103 4899
4 2281 2492 2783 3197
2 1111 2354
3 2115 4699 4857
2 247 4287
4 1923 2531 2761 4168
4 1712 3586 3829 4822
2 2771 3799
2 1983 2649
2 1142 2791
2 1262 4806
2 3221 3635
2 1731 2793
2 380 1861
4 186 1043 1373 3621
3 1902 2327 4067
3 879 4478 4834
2 2673 3558
2 1582 2650
3 1448 2084 4048
2 2534 4020
3 1524 3468 4125
3 1013 1178 1385
3 1609 3727 4354
3 2386 3771 3906
2 2048 2378
2 1615 3044
5 384 972 2087 3561 4441
2 3496 4800
2 1951 4846
2 1208 1477
2 613 4003
1 2880
1 1793
2 1727 3927
3 3998 4225 4411
3 1682 2543 3891
2 587 4367
3 110 2993 4021
1 2374
2 4713 4935
3 2054 3324 3653
1 2410
1 2740
3 848 3327 3737
1 751
2 791 4266
5 1194 2345 2881 3430 3782
2 3136 3181
2 248 1268
2 2445 3112
2 833 4760
3 635 3303 4879
2 792 1816
4 253 1543 2033 2519
2 2588 4704
2 328 1045
3 1137 2377 3484
2 3301 4415
2 1294 4560
2 47 814
2 1032 2112
4 370 3830 4262 4548
4 527 577 4141 4573
6 640 655 1326 2817 3568 4598
2 489 2098
3 1966 4123 4615
2 436 1864
8 433 877 1812 2031 3842 3849 4545 4937
2 4294 4331
4 129 1573 1738 3949
3 755 1314 3828
2 1688 1764
3 2742 2937 3158
3 1202 1849 4618
2 2266 4218
3 1305 3286 3857
3 434 2020 2303
2 2142 4251
2 2893 4671
3 198 314 4884
2 1993 4410
2 2566 3851
1 3860
4 306 2693 3251 4322
2 1496 3486
2 1654 2972
2 2387 4428
3 1243 1679 3578
3 4308 4419 4912
2 796 1591
3 857 1105 2567
1 342
3 3076 3139 4230
3 2609 2922 3043
3 2532 3595 4608
2 2965 3175
3 4 261 1747
2 844 3223
4 490 767 1606 3055
4 393 1166 1769 4803
2 102 2505
3 578 748 1557
1 1106
2 606 2758
3 683 3096 4342
2 3070 4766
1 4446
3 1056 2448 3389
2 730 4044
1 567
3 498 1379 1430
1 3940
1 1450
4 3137 3736 4927 4957
3 80 469 1360
3 858 984 4376
4 1204 2982 3649 4306
2 895 3369
1 1608
4 271 382 3760 4323
3 1885 2248 4117
3 690 992 4836
5 430 2063 2752 3017 4085
2 2105 3294
2 1418 2068
3 533 1799 2904
2 2428 3909
3 2342 2544 4858
1 2841
1 2547
3 2815 4565 4817
3 2146 2991 4635
2 1943 4607
4 697 799 1215 2580
3 843 3100 4292
2 2964 3776
1 3880
2 1523 2479
1 3252
2 810 1090
2 467 883
2 2443 3628
4 1461 2329 2451 4943
1 4654
3 1376 2444 4905
1 2669
4 637 1017 3443 3914
4 340 2312 4006 4894
3 725 3075 3983
3 775 3280 3816
4 986 1152 2632 4166
2 268 1044
5 1364 1559 2270 2602 3538
3 70 1232 3680
4 1050 2583 3745 3786
3 1012 2845 4421
1 359
2 486 3479
4 556 1483 4076 4368
3 1149 2218 2612
4 520 4159 4318 4531
4 431 598 1914 3373
2 2725 4826
2 1455 2664
2 754 3963
3 1053 3318 4959
2 1073 3660
2 1611 3699
3 692 1935 4462
3 4092 4268 4930
2 273 1197
1 4902
3 1814 2072 3716
5 631 1553 2921 3612 3925
3 1318 3189 3386
1 2862
3 14 698 924
1 31
2 958 3434
2 2759 4589
2 1323 4634
3 101 4518 4896
1 56
2 3350 4274
2 2034 2775
2 3416 3765
2 2297 2596
2 32 2871
3 2906 4408 4809
2 2825 4916
1 4215
2 611 646
2 3275 4584
3 291 3874 4088
3 572 1831 4431
3 641 1183 4786
3 1289 1368 4096
3 296 1078 1771
2 164 765
3 644 1489 4500
3 109 722 3469
3 2755 4114 4591
3 1240 3669 4951
1 1644
2 151 2214
5 2259 2551 3684 3975 4787
2 188 2545
5 320 907 2002 2807 4934
2 3202 4594
1 2618
2 2581 4460
2 1646 2689
1 1794
2 952 1037
4 2077 2471 4887 4889
3 652 3895 4473
2 26 1736
3 1963 2011 2600
2 1627 1666
2 1878 4469
2 1163 2969
2 1394 2790
3 295 1307 1474
2 264 2820
2 2757 3603
1 782
2 476 4674
2 3459 3807
1 2174
3 399 1030 3758
2 480 562
4 543 2183 2890 3263
3 76 3344 4466
2 1069 4564
3 524 4131 4495
2 61 4596
2 831 3288
2 1687 1909
1 1868
2 2288 4282
1 2724
2 931 2398
2 1231 3890
4 2824 2980 4603 4759
2 502 939
1 4536
2 702 1157
2 3349 4089
1 1264
6 588 822 2222 2255 2684 2715
3 95 2935 4850
1 3800
2 852 1904
1 23
3 331 1805 4034
2 3878 4730
2 1322 4161
4 847 1176 1830 3827
2 2185 3532
3 287 1033 3187
2 356 4948
2 1737 2301
3 1266 1881 3304
1 4162
3 2016 4060 4697
2 1649 3992
1 2132
2 759 860
2 167 3151
4 1068 2026 4264 4904
3 1478 1626 4339
4 2258 2694 3382 3955
2 2788 3845
2 3123 3520
2 3308 3794
2 1915 4325
2 1233 3216
5 1883 2152 3581 4679 4825
2 64 140
3 147 1996 4593
4 496 2010 3343 4009
2 409 3215
4 1344 1863 2423 4561
1 4395
2 1508 4150
1 4563
3 1475 1766 2489
2 521 4841
2 42 4651
2 1514 4189
1 3465
1 874
2 1825 2728
3 508 723 3159
2 381 4071
2 761 3516
3 7 3682 3976
2 2126 3019
1 4393
3 4191 4519 4602
1 3460
2 1602 3804
2 2528 3997
3 1563 2272 4185
2 1651 4507
2 2319 3255
3 63 263 2067
3 1077 1955 2953
2 564 1336
2 112 2417
3 2151 3715 3826
2 3742 4283
1 901
3 51 2811 3896
2 190 2712
1 2886
1 3058
4 673 1678 2203 2372
2 421 1607
2 2496 3204
3 255 961 1308
2 40 863
1 1136
2 3444 3537
3 413 580 657
3 749 2847 2857
2 3047 4750
2 1189 2156
2 622 1817
1 3884
2 2321 4702
2 746 1721
4 2024 2286 4514 4571
2 1367 1586
5 1042 1224 1811 2848 3284
3 355 1175 1768
2 3113 4683
3 1361 2988 3928
2 798 2111
2 1237 2504
2 252 3438
1 2986
1 2620
2 1378 3634
2 1332 3639
3 1148 3092 3540
2 1505 3946
1 1239
1 1254
2 1472 2096
2 990 3566
1 4497
3 402 2071 3526
2 3042 3619
3 3261 4173 4326
4 591 2083 4544 4714
2 3239 3598
2 1351 1352
3 395 4013 4924
2 230 1619
3 2565 3134 4908
3 209 2305 3839
1 1531
2 1039 4387
2 3392 4259
2 2113 4735
3 1956 4211 4749
4 371 648 4045 4804
2 3966 4555
2 1597 3593
2 1741 4597
5 276 1029 2023 4333 4828
1 4852
2 2008 3212
4 626 1807 3924 4216
2 284 4413
2 5 2047
3 563 1991 3337
2 388 2437
3 152 1847 2954
2 2682 3260
2 1279 4137
1 3049
2 4403 4457
2 889 2397
1 3791
2 2173 2242
2 1316 4063
4 1715 1985 2058 4176
4 427 2575 3311 4302
3 892 1083 2191
4 1494 2337 3009 3138
3 426 2228 3193
3 235 416 2241
2 1632 2767
3 666 3106 4433
2 4581 4707
2 718 3245
2 627 2778
1 4094
3 501 983 3972
4 357 1309 1396 2299
2 3365 4250
3 401 851 988
1 4374
1 2230
3 1630 3011 4641
3 407 414 1273
1 3726
1 864
2 1520 2540
6 497 2296 2685 4043 4112 4231
2 1001 4487
2 1535 3225
1 1545
3 1110 1297 3783
2 1785 2195
3 1212 1643 4391
2 2414 4661
2 1491 3179
2 1049 2523
1 2690
2 1913 3514
1 1670
5 78 1519 1574 3899 4037
3 2268 3810 4644
2 1207 3528
1 2810
2 1797 2169
2 2217 4687
2 21 670
2 2593 2856
3 2095 4207 4946
2 850 3148
1 2818
2 1893 2663
1 220
1 1973
2 925 3777
3 957 2309 4470
1 20
3 317 1150 1898
2 667 4604
3 2563 4035 4758
1 4919
1 3361
1 74
2 1506 3170
2 2769 3065
2 975 4256
3 866 3384 3613
1 405
3 361 537 575
2 2536 4299
3 743 966 2524
6 1442 2700 3696 3844 4267 4606
3 3354 3708 4232
2 2787 3575
2 1813 3615
2 4549 4711
3 607 1035 3098
2 2229 4764
3 1275 3543 3690
2 590 760
4 1409 1529 3871 4289
3 2053 2699 4226
1 4799
2 2101 2642
3 168 1600 2892
1 148
2 2163 3973
1 1452
3 2162 3638 4745
2 3546 4417
5 169 781 3336 3688 4907
5 681 1060 3038 3917 4588
1 2310
2 2166 4115
3 15 2924 3062
3 288 904 3002
1 1999
1 386
3 1440 4496 4743
1 2679
1 2576
4 2709 2816 4258 4623
3 13 308 499
2 3048 4728
3 411 2001 3213
2 365 450
1 968
1 1980
3 967 3606 4227
1 922
2 1723 4543
4 1401 3157 3679 3961
4 2038 3410 3869 4529
2 2762 4712
2 3265 4039
4 596 3601 3922 4940
2 3380 4612
2 991 4229
2 547 1763
1 4874
2 2495 4087
2 2097 2252
5 534 721 1112 1283 1995
2 1369 3218
3 394 1416 1846
3 215 483 3856
2 2707 3321
2 1569 1583
1 3146
2 2940 3378
2 123 2466
3 1199 2432 4720
2 3310 3376
1 3338
1 2526
2 3717 4311
3 845 1370 2353
3 1445 2463 3368
2 173 4373
2 3268 4244
1 719
2 2194 4842
5 1548 2654 2885 2959 3969
1 1334
3 398 2208 3060
1 3666
1 338
2 240 2406
3 714 2224 4582
3 1577 2579 4867
3 299 417 3145
2 1242 4652
1 2874
3 1261 3117 3930
1 2599
2 1467 2843
4 3411 3570 3820 4098
3 1048 1551 2371
1 4533
2 1624 1959
2 4843 4925
3 448 2670 3451
2 207 1162
4 766 2538 2908 4578
3 660 1022 1386
1 3888
2 899 3600
2 3488 4107
1 1992
2 2036 4463
2 2525 3841
1 1796
3 281 950 1613
1 1669
3 1356 1566 3335
2 2124 3195
2 1347 3948
3 662 3809 3870
1 183
2 1375 1743
2 131 1821
2 1008 3524
6 293 519 846 865 2660 4414
1 68
2 1151 3759
2 322 4025
3 2122 2760 3672
1 793
4 1434 1578 2568 2915
2 1200 4656
2 1862 4813
2 424 3178
1 2882
4 553 1195 1329 2795
2 824 4183
2 2148 4705
2 1518 2776
1 2109
2 1221 3325
2 1488 3180
1 3173
2 4154 4765
2 2902 4426
2 2997 3610
2 993 1437
2 2622 2719
2 300 828
2 929 2090
2 2328 2457
2 4585 4653
2 1925 2037
2 1564 4701
2 1561 4077
2 2614 3227
2 1125 3702
3 679 2555 3837
2 1093 2644
3 1427 1620 4605
1 1481
3 2515 3787 4179
2 1532 3676
5 823 2714 3590 3721 4734
2 2373 2639
2 1015 1698
1 1180
2 2652 3560
1 4516
2 2739 4754
2 1853 1859
2 3114 4866
2 3766 3831
2 935 1908
6 199 916 1159 1835 1936 4277
2 1167 4686
1 3415
1 4148
3 1970 2549 2976
1 4480
3 764 1024 2695
2 1603 4269
1 2323
2 1595 4164
5 2743 2949 3531 3711 3875
3 2059 2916 4783
3 671 2161 3894
3 861 1480 3021
3 1288 1389 3052
2 2918 3605
2 488 4724
4 2238 2244 2503 4314
3 880 1094 1848
5 862 2044 2529 3279 4424
3 2028 2245 4436
1 3474
3 236 685 4848
2 329 1642
2 642 2597
2 3083 3670
3 391 1617 2464
1 2592
4 2273 2696 3163 4650
4 1287 2681 3577 3938
2 3340 4058
1 2823
1 2511
1 1133
3 1114 1415 2408
2 1487 3534
3 53 2822 4762
1 4527
2 1274 4688
2 2332 3622
2 1465 3710
2 995 1214
2 3487 4906
1 783
1 3843
1 3808
2 1238 2750
2 194 1673
3 1947 2334 3237
1 224
2 517 800
2 3056 4174
1 639
3 1484 2298 3900
1 2091
1 4358
3 1784 4027 4118
1 3345
1 4663
1 3066
2 4662 4839
3 1462 3111 3271
3 3095 4248 4767
2 1363 2779
2 1412 1907
2 770 4715
2 2 66
1 4036
6 1014 1081 1217 1622 1724 2876
2 651 4223
3 571 616 4659
2 2494 3620
1 2638
1 2340
2 2343 4587
2 1185 2260
2 2656 3398
2 999 3475
1 1916
1 1510
1 1888
3 2131 2355 4104
2 2089 4512
2 358 2928
1 267
1 3362
2 1513 2361
2 3205 3293
1 2552
3 1655 1869 3061
3 881 2502 3722
3 2226 3569 3984
3 900 1809 2409
1 3508
3 2477 2717 2766
1 103
2 1172 4222
2 839 4366
2 1317 3084
2 1856 3592
3 1530 1779 4091
1 1746
2 1426 4814
3 334 1818 3203
2 821 2735
1 885
2 2929 3733
2 1890 4665
3 625 3637 4522
6 319 728 1662 1680 3582 4891
2 1395 3657
2 84 2582
1 819
1 4345
1 1782
2 3211 4619
2 599 3642
3 2314 4265 4637
1 282
2 302 4870
3 1638 1979 3686
4 912 3945 4066 4718
2 1387 2867
2 4300 4744
2 89 2390
4 461 693 711 3315
1 142
1 4284
3 3846 3991 4163
1 1952
1 201
1 3128
2 196 1095
2 1019 4273
2 246 4811
5 1315 1562 2648 3169 4443
1 4175
2 59 3545
4 624 989 1139 3403
1 2734
2 2404 2426
3 617 3132 4056
2 348 585
2 456 597
2 216 3300
1 3502
2 1255 4396
3 1421 2442 2658
1 584
2 1964 2828
1 2279
2 977 4101
2 1011 2710
2 3627 4356
1 2000
2 1460 2678
1 669
2 2052 3078
2 254 3397
2 589 2106
1 1781
2 1061 2167
2 771 1129
3 2396 2629 3164
2 552 2786
2 2868 3495
2 835 1708
4 3387 3607 4007 4429
2 446 1278
1 1984
2 3152 4484
2 2616 3264
1 1400
1 2344
2 1653 1802
3 160 462 2491
1 4815
2 2809 4520
4 1173 1471 4177 4330
1 3813
2 3305 3872
2 778 4467
1 453
1 3797
1 3706
2 707 3743
3 155 1300 2546
3 4109 4233 4546
2 1517 3515
1 1803
4 1298 3636 3974 4181
2 460 2936
2 3541 4691
1 341
3 705 3253 4534
1 38
3 1192 3572 3936
1 3257
1 1235
3 2983 4061 4955
3 1490 2961 4855
2 1272 3331
1 4246
3 379 1419 3790
3 2412 4293 4747
2 732 2441
2 99 3594
2 2267 4320
3 2088 3367 3932
4 158 2821 3122 3602
1 3574
4 193 807 2133 4149
2 2330 3769
1 3400
1 128
1 2209
1 1828
5 715 1882 4195 4452 4453
2 3249 4794
1 419
1 4960
1 3370
2 1084 2666
2 1311 3185
2 1193 4504
1 3483
3 1433 4127 4263
4 452 1340 2697 4378
3 887 1677 2535
1 2774
3 75 1728 4648
5 699 1798 1989 2143 2391
1 1070
1 2930
2 1773 1997
2 923 4551
2 830 3005
3 1458 2826 3285
4 1171 2772 4678 4888
2 77 744
2 2055 2520
2 4281 4440
1 3026
1 926
2 3953 4228
4 366 3990 4349 4725
2 2128 4547
1 3470
1 374
1 4537
2 1843 4965
2 1306 4752
3 139 1246 4392
2 1521 1790
1 4404
2 107 2626
1 442
2 33 1138
1 4627
3 653 2070 4746
2 532 1348
3 231 2379 2923
2 1691 3073
3 665 1047 3643
2 506 4844
2 4364 4579
2 2141 3154
2 400 4875
4 1096 1359 1910 4638
3 2975 3504 4312
3 2595 2720 4072
2 3950 4941
2 3673 4052
3 475 1685 3320
1 2835
5 1198 3328 3406 3445 4081
2 463 1196
2 1549 3840
3 1118 4108 4450
2 81 3523
2 3719 4647
4 1328 2021 4153 4649
2 1556 2407
2 1495 2863
1 1482
3 1443 1599 4057
1 3952
2 1866 4133
2 222 945
4 741 1281 1965 4422
3 906 2836 3544
5 191 1257 2727 2796 4295
1 2433
1 4703
3 234 429 3916
1 4236
2 125 227
2 221 3968
4 1640 3441 4146 4550
2 2430 4532
1 4485
4 661 1933 2025 4805
1 3183
1 888
1 4203
2 568 4942
1 3476
2 3964 4012
3 896 903 4575
1 4239
3 710 1703 2888
3 756 2490 4832
2 1522 3751
3 226 1206 1575
2 3018 4928
2 2962 3661
2 1325 4506
2 1041 2243
1 2119
1 875
2 2968 3491
2 4420 4559
2 134 2995
2 115 2627
3 439 4129 4526
1 4645
2 2178 4956
2 2950 3485
2 1751 3393
2 27 303
1 4517
2 1527 4881
1 3102
1 4046
2 2170 2873
2 4379 4719
2 3960 4296
1 4014
2 3045 4600
2 1855 2018
2 558 2589
2 35 4854
2 1880 4753
1 3334
2 1948 2883
4 633 3497 4130 4748
2 392 1301
2 3281 4416
2 1098 2147
2 2468 4877
2 30 3467
3 3144 3596 4432
1 4920
2 3436 4319
3 219 343 3553
2 3618 4147
2 1742 2366
2 827 1422
2 856 1453
3 1079 2276 4102
3 479 1134 3097
1 2501
2 3685 3834
3 2285 2486 3694
2 477 2302
4 289 1436 3379 4459
2 2223 2900
3 464 1201 2926
3 2057 2316 3859
2 659 3246
1 2435
3 108 876 2851
5 256 280 2388 3821 4084
3 116 4352 4780
2 643 4447
2 2898 3191
1 4198
2 3448 3585
1 3641
1 3994
2 1526 3937
2 2560 2594
2 573 4347
2 294 4335
4 694 734 1374 3161
3 555 2455 3414
1 1380
1 4328
2 2657 3174
2 3118 3967
1 1342
2 149 4670
3 406 1986 3633
3 378 3081 4492
1 2257
3 1179 1967 3647
2 3209 3852
2 3947 3962
3 491 1652 4952
2 2748 4849
2 1540 2469
2 1750 4508
2 1690 4599
2 780 3735
3 817 1190 4138
2 311 4784
1 1580
1 2413
1 3724
1 1932
1 3401
1 4709
2 930 1934
2 204 4059
1 4681
1 1265
2 390 440
1 2512
2 1504 1792
3 1702 3518 3691
1 762
2 2125 3426
1 4958
2 514 4257
1 4876
1 318
2 2726 3919
1 654
2 2913 3555
2 43 4303
1 2513
2 2659 4255
4 1393 3579 3920 4553
2 92 1020
1 2701
2 1128 1974
4 735 3671 4630 4769
2 998 2231
2 1132 4820
2 1473 3944
1 1953
2 290 868
1 3659
2 2370 4885
3 3571 4768 4798
2 695 1720
2 4205 4816
1 4121
1 2606
3 1634 1826 4861
2 769 1931
3 373 3289 3796
2 1822 3364
1 4461
1 184
2 551 2380
2 996 4301
1 4498
1 601
2 2805 3767
3 650 4307 4401
2 1558 4305
1 4412
2 1446 2202
2 812 3404
1 1896
1 2144
1 3068
3 1614 2896 3738
1 2764
2 2577 4321
1 1391
1 3071
3 185 2326 3910
3 2482 2945 3006
1 3472
2 1588 2812
1 1271
4 3 909 1572 3082
1 2120
1 3550
1 1539
1 4458
2 177 687
2 2360 4200
1 1697
3 1641 2558 3233
2 2064 4567
1 2985
2 2220 2974
1 2176
1 327
3 238 1141 4710
2 2459 3942
2 225 301
3 126 346 4180
2 3217 4028
3 3958 4078 4489
3 1841 2065 4569
1 428
3 2487 3482 4797
4 137 1762 2473 3806
2 1290 4706
3 229 753 4280
2 763 4304
2 1808 4040
2 1534 2045
1 4918
1 3941
2 813 1082
2 1639 2196
1 801
2 530 4212
4 772 1116 1186 1384
2 3036 3773
1 3131
2 2806 4276
4 1085 1827 3425 3709
2 2039 2785
1 4348
2 1560 4770
2 2206 3761
2 1815 2897
1 4221
2 3597 3873
1 36
3 729 1413 1425
2 1058 4024
2 1753 3911
3 1456 1739 2283
1 3822
2 1080 1312
1 676
3 1871 3087 3587
2 1740 3881
1 3125
2 377 960
4 154 2311 4501 4538
1 962
1 3725
2 3085 4801
4 2411 2493 2613 4932
3 445 2687 3611
2 2108 2530
1 1006
3 1516 4622 4950
2 2017 3267
3 130 166 1657
3 410 3250 4343
1 716
1 2381
3 217 4010 4802
1 309
2 1511 2235
1 4511
2 2453 2944
1 927
2 2349 4658
1 4827
1 1981
1 266
3 1398 1722 4917
2 511 785
1 179
3 2233 2941 3933
2 2872 2992
2 2066 4116
3 244 979 3317
1 1126
2 973 2713
4 842 905 2562 3405
1 2186
1 1270
1 542
2 2514 3007
2 1277 1501
1 569
1 1130
1 805
2 3407 3490
1 4456
1 3184
1 2155
2 1833 2187
1 3442
1 2213
1 3431
2 2797 3228
1 4862
1 540
1 2744
4 441 468 3439 4963
2 1968 2172
1 466
2 1343 2425
2 72 2554
1 1994
2 1382 2887
1 423
1 4873
1 3188
1 595
1 4434
1 29
2 351 1404
1 2977
1 3576
1 4737
3 1028 1897 4667
1 1706
3 608 1160 4868
1 3885
1 3640
2 3077 3127
1 157
1 3129
2 1038 1062
2 1604 2946
1 3705
1 141
2 1219 4120
2 951 3863
2 4220 4631
1 2129
1 701
1 3232
2 2418 3147
2 2640 3003
1 2967
1 4921
2 2159 3698
1 4738
3 1466 1982 2394
1 4128
1 1942
1 3050
2 2030 2517
4 1579 3731 4004 4340
1 2376
3 2850 4503 4778
3 747 2335 4840
2 1733 3462
1 859
1 3069
1 4509
1 2615
1 1228
1 1330
1 2569
3 3348 3700 3798
3 2424 2803 4853
2 1121 2948
2 3892 4810
1 3046
2 389 3423
1 37
2 2731 4382
4 1707 2889 3926 4962
1 3995
1 3372
1 1222
1 4944
1 2177
2 408 672
1 2571
1 156
2 19 438
4 1004 2154 3099 4882
1 1259
1 3499
3 105 2875 3395
1 3454
2 161 4247
1 4475
4 150 397 1406 2572
1 1758
1 3141
1 4488
1 2633
2 307 582
3 804 1700 2359
3 2093 3243 3687
3 1088 1509 2075
1 758
2 272 969
1 385
1 2470
1 4893
2 2721 3104
1 3781
2 3527 4360
2 3785 3904
2 2844 3226
1 2440
1 1331
1 1810
1 3573
2 415 2145
2 1429 4886
2 1252 3500
1 4525
1 3645
1 3746
2 3424 3536
1 3703
1 1241
1 50
3 1836 2903 4400
2 2480 4864
1 2746
1 4617
1 4847
2 1065 2481
3 260 2092 4038
2 504 3402
2 825 4568
2 649 2400
2 242 2619
4 313 2498 2895 4241
2 1071 4964
3 1027 2134 3461
1 1840
1 2686
2 2763 3433
2 2081 3182
2 615 3273
1 3913
2 1786 4824
1 1119
2 934 1664
3 789 1392 2004
1 4775
2 3507 4931
3 1087 1161 2934
1 3323
1 4923
2 2840 3505
1 632
1 610
2 1767 4278
1 16
2 2184 3214
1 2392
2 1381 2607
1 2363
2 1153 3533
1 239
1 3689
1 2550
2 181 2069
1 3883
2 3651 4337
4 1976 2548 3421 3681
1 559
1 2040
1 4655
1 4761
1 4362
1 3222
2 6 3547
2 2957 3103
1 285
4 1441 2275 3342 4372
1 854
1 4472
2 3811 4187
1 3366
1 2729
2 1499 2692
1 3133
1 2175
2 1454 3272
1 4080
1 2866
1 4736
2 724 1236
1 2171
1 4910
3 1538 1647 4065
2 258 3391
1 700
1 1250
1 1075
1 2210
2 908 3548
2 1411 3729
2 2079 2912
2 1100 1732
1 2114
1 2973
1 175
1 1459
1 251
1 4625
1 3079
2 3054 3440
1 1007
1 630
1 740
1 45
1 3351
1 2966
1 1350
1 867
2 1552 4922
2 3986 4694
2 1775 4856
1 2346
1 1040
2 4690 4829
1 4493
1 1016
2 603 2610
2 1949 3521
1 3510
1 4031
1 1676
1 4346
2 941 3390
1 1977
1 4435
3 826 1321 3135
1 2107
1 4772
1 3291
2 1410 2667
2 970 3784
1 2510
1 3258
2 518 1921
1 3015
1 1789
2 1349 4541
2 2262 4590
1 375
2 28 2046
1 4406
1 3039
2 3417 3503
2 2646 3629
2 339 4315
1 3035
2 1018 1759
1 46
1 3549
2 2291 3231
4 2556 2963 3481 4675
1 522
2 119 4182
1 1223
1 1791
1 2611
1 1267
1 4967
1 2422
1 531
1 2019
2 277 1787
1 2522
1 2508
2 3198 4535
1 484
2 954 1408
2 1656 3172
1 609
1 3644
2 4002 4407
1 494
2 1357 3658
1 2978
1 2085
1 121
2 2458 4552
1 1726
2 570 1872
1 2100
1 3793
1 696
1 3105
1 1485
1 4785
2 176 3795
1 3274
1 943
1 884
3 917 1851 2460
1 1875
1 1884
1 4023
4 638 1658 2625 4716
1 1282
1 2716
2 1000 4253
1 4776
1 890
2 4033 4055
1 3247
2 727 1629
1 2007
2 1554 2236
1 1103
2 347 2405
2 1788 1906
2 60 62
1 4915
1 2246
2 2094 3854
1 1074
2 3408 3864
1 4629
1 3248
2 447 2014
1 1636
1 1760
2 964 1795
1 90
1 362
2 1256 2204
1 2461
1 3283
1 1867
1 2488
1 678
2 3171 3704
1 1686
2 305 2434
1 481
1 1533
1 2082
2 2559 4145
1 1108
2 3584 3683
1 2076
1 4871
1 3855
1 2979
1 2078
1 2951
2 3887 4685
1 3024
2 560 942
2 620 2998
1 2383
2 146 787
1 4676
2 1895 2782
1 4524
2 1407 3377
1 932
1 955
2 1689 3646
1 3656
2 2308 4860
1 1749
1 4609
2 117 4640
2 1879 4471
2 425 1226
2 1164 2347
1 561
1 12
1 545
1 1542
1 3355
1 541
1 3023
2 3124 3314
1 2168
1 4388
1 1432
1 1854
2 802 1304
1 4595
2 52 2484
1 1145
1 111
2 873 3591
1 4384
1 4939
1 2647
1 536
1 2348
1 4530
1 1210
2 3617 3882
1 54
1 3668
1 4611
1 1355
2 2718 3339
1 4290
1 67
2 576 940
1 106
1 4812
1 1174
1 4465
2 2282 3108
1 3739
1 4285
2 250 4883
1 3498
2 618 3090
2 1587 2188
1 3554
1 2598
1 3853
1 4409
1 1924
1 1938
2 1672 4755
1 2813
1 4151
1 444
2 4353 4673
2 2643 4865
1 3755
1 2341
1 82
1 4528
1 3580
1 3381
1 3201
1 2121
3 1165 1660 4355
1 1958
1 1711
1 3693
1 44
1 3663
1 1476
1 437
2 1547 4807
1 811
1 478
1 3624
1 187
1 913
2 326 933
1 1324
1 3025
1 2909
1 1937
1 2830
1 2578
1 586
1 4011
1 546
1 1930
1 1919
2 1156 4001
1 891
1 2237
1 3728
2 3823 4562
1 703
2 1537 1668
2 2917 4542
1 345
2 737 1544
1 2827
1 3037
1 3971
1 1107
1 4483
1 1209
2 2364 4155
2 369 4199
1 2636
1 2103
2 3269 3432
1 4505
1 2192
1 304
1 3000
1 3908
1 3322
1 4135
1 4291
1 228
1 1417
1 4682
1 203
2 1247 1695
1 2324
1 165
1 332
1 4093
1 4845
1 249
1 594
2 1928 2199
1 3360
1 1507
1 159
1 197
1 2325
1 4771
1 691
1 2509
1 1922
1 4363
2 1709 4238
1 2754
1 1372
1 3770
1 3107
1 3604
1 809
2 3655 4572
1 2927
1 1857
2 1146 3734
1 3915
1 1292
1 474
1 3631
2 1610 3730
1 4476
1 1674
1 3557
1 2591
1 352
1 3780
1 1026
1 2304
1 738
2 3542 3718
2 938 1154
1 4660
1 1675
1 4695
1 1031
1 4192
1 1021
1 87
1 3012
1 4242
1 2292
1 4464
1 4336
1 1593
1 2574
1 3200
1 3832
1 24
1 3295
1 2193
2 1187 1249
1 2765
1 2590
1 310
1 1718
1 4172
1 4445
1 4966
1 241
1 3266
1 3422
1 2894
1 1899
1 2478
1 3219
1 3753
1 4005
1 2802
1 3057
0
0
0
0
0
0
0
0
0
0
0
0
0
0
0
0
0
0
0
0
0
0
0
0
0
0
0
0
0
0
0
0
0
0
0
0
0
0
0
0
0
0
0
0
0
0
0
0
0
0
0
0
0
0
0
0
0
0
0
0
0
0
0
0
0
0
0
0
0
0
0
0
0
0
0
0
0
0
0
0
0
0
0
0
0
0
0
0
0
0
0
0
0
0
0
0
0
0
0
0
0
0
0
0
0
0
0
0
0
0
0
0
0
0
0
0
0
0
0
0
0
0
0
0
0
0
0
0
0
0
0
0
0
0
0
0
0
0
0
0
0
0
0
0
0
0
0
0
0
0
0
0
0
0
0
0
0
0
0
0
0
0
0
0
0
0
0
0
0
0
0
0
0
0
0
0
0
0
0
0
0
0
0
0
0
0
0
0
0
0
0
0
0
0
0
0
0
0
0
0
0
0
0
0
0
0
0
0
0
0
0
0
0
0
0
0
0
0
0
0
0
0
0
0
0
0
0
0
0
0
0
0
0
0
0
0
0
0
0
0
0
0
0
0
0
0
0
0
0
0
0
0
0
0
0
0
0
0
0
0
0
0
0
0
0
0
0
0
0
0
0
0
0
0
0
0
0
0
0
0
0
0
0
0
0
0
0
0
0
0
0
0
0
0
0
0
0
0
0
0
0
0
0
0
0
0
0
0
0
0
0
0
0
0
0
0
0
0
0
0
0
0
0
0
0
0
0
0
0
0
0
0
0
0
0
0
0
0
0
0
0
0
0
0
0
0
0
0
0
0
0
0
0
0
0
0
0
0
0
0
0
0
0
0
0
0
0
0
0
0
0
0
0
0
0
0
0
0
0
0
0
0
0
0
0
0
0
0
0
0
0
0
0
0
0
0
0
0
0
0
0
0
0
0
0
0
0
0
0
0
0
0
0
0
0
0
0
0
0
0
0
0
0
0
0
0
0
0
0
0
0
0
0
0
0
0
0
0
0
0
0
0
0
0
0
0
0
0
0
0
0
0
0
0
0
0
0
0
0
0
0
0
0
0
0
0
0
0
0
0
0
0
0
0
0
0
0
0
0
0
0
0
0
0
0
0
0
0
0
0
0
0
0
0
0
0
0
0
0
0
0
0
0
0
0
0
0
0
0
0
0
0
0
0
0
0
0
0
0
0
0
0
0
0
0
0
0
0
0
0
0
0
0
0
0
0
0
0
0
0
0
0
0
0
0
0
0
0
0
0
0
0
0
0
0
0
0
0
0
0
0
0
0
0
0
0
0
0
0
0
0
0
0
0
0
0
0
0
0
0
0
0
0
0
0
0
0
0
0
0
0
0
0
0
0
0
0
0
0
0
0
0
0
0
0
0
0
0
0
0
0
0
0
0
0
0
0
0
0
0
0
0
0
0
0
0
0
0
0
0
0
0
0
0
0
0
0
0
0
0
0
0
0
0
0
0
0
0
0
0
0
0
0
0
0
0
0
0
0
0
0
0
0
0
0
0
0
0
0
0
0
0
0
0
0
0
0
0
0
0
0
0
0
0
0
0
0
0
0
0
0
0
0
0
0
0
0
0
0
0
0
0
0
0
0
0
0
0
0
0
0
0
0
0
0
0
0
0
0
0
0
0
0
0
0
0
0
0
0
0
0
0
0
0
0
0
0
0
0
0
0
0
0
0
0
0
0
0
0
0
0
0
0
0
0
0
0
0
0
0
0
0
0
0
0
0
0
0
0
0
0
0
0
0
0
0
0
0
0
0
0
0
0
0
0
0
0
0
0
0
0
0
0
0
0
0
0
0
0
0
0
0
0
0
0
0
0
0
0
0
0
0
0
0
0
0
0
0
0
0
0
0
0
0
0
0
0
0
0
0
0
0
0
0
0
0
0
0
0
0
0
0
0
0
0
0
0
0
0
0
0
0
0
0
0
0
0
0
0
0
0
0
0
0
0
0
0
0
0
0
0
0
0
0
0
0
0
0
0
0
0
0
0
0
0
0
0
0
0
0
0
0
0
0
0
0
0
0
0
0
0
0
0
0
0
0
0
0
0
0
0
0
0
0
0
0
0
0
0
0
0
0
0
0
0
0
0
0
0
0
0
0
0
0
0
0
0
0
0
0
0
0
0
0
0
0
0
0
0
0
0
0
0
0
0
0
0
0
0
0
0
0
0
0
0
0
0
0
0
0
0
0
0
0
0
0
0
0
0
0
0
0
0
0
0
0
0
0
0
0
0
0
0
0
0
0
0
0
0
0
0
0
0
0
0
0
0
0
0
0
0
0
0
0
0
0
0
0
0
0
0
0
0
0
0
0
0
0
0
0
0
0
0
0
0
0
0
0
0
0
0
0
0
0
0
0
0
0
0
0
0
0
0
0
0
0
0
0
0
0
0
0
0
0
0
0
0
0
0
0
0
0
0
0
0
0
0
0
0
0
0
0
0
0
0
0
0
0
0
0
0
0
0
0
0
0
0
0
0
0
0
0
0
0
0
0
0
0
0
0
0
0
0
0
0
0
0
0
0
0
0
0
0
0
0
0
0
0
0
0
0
0
0
0
0
0
0
0
0
0
0
0
0
0
0
0
0
0
0
0
0
0
0
0
0
0
0
0
0
0
0
0
0
0
0
0
0
0
0
0
0
0
0
0
0
0
0
0
0
0
0
0
0
0
0
0
0
0
0
0
0
0
0
0
0
0
0
0
0
0
0
0
0
0
0
0
0
0
0
0
0
0
0
0
0
0
0
0
0
0
0
0
0
0
0
0
0
0
0
0
0
0
0
0
0
0
0
0
0
0
0
0
0
0
0
0
0
0
0
0
0
0
0
0
0
0
0
0
0
0
0
0
0
0
0
0
0
0
0
0
0
0
0
0
0
0
0
0
0
0
0
0
0
0
0
0
0
0
0
0
0
0
0
0
0
0
0
0
0
0
0
0
0
0
0
0
0
0
0
0
0
0
0
0
0
0
0
0
0
0
0
0
0
0
0
0
0
0
0
0
0
0
0
0
0
0
0
0
0
0
0
0
0
0
0
0
0
0
0
0
0
0
0
0
0
0
0
0
0
0
0
0
0
0
0
0
0
0
0
0
0
0
0
0
0
0
0
0
0
0
0
0
0
0
0
0
0
0
0
0
0
0
0
0
0
0
0
0
0
0
0
0
0
0
0
0
0
0
0
0
0
0
0
0
0
0
0
0
0
0
0
0
0
0
0
0
0
0
0
0
0
0
0
0
0
0
0
0
0
0
0
0
0
0
0
0
0
0
0
0
0
0
0
0
0
0
0
0
0
0
0
0
0
0
0
0
0
0
0
0
0
0
0
0
0
0
0
0
0
0
0
0
0
0
0
0
0
0
0
0
0
0
0
0
0
0
0
0
0
0
0
0
0
0
0
0
0
0
0
0
0
0
0
0
0
0
0
0
0
0
0
0
0
0
0
0
0
0
0
0
0
0
0
0
0
0
0
0
0
0
0
0
0
0
0
0
0
0
0
0
0
0
0
0
0
0
0
0
0
0
0
0
0
0
0
0
0
0
0
0
0
0
0
0
0
0
0
0
0
0
0
0
0
0
0
0
0
0
0
0
0
0
0
0
0
0
0
0
0
0
0
0
0
0
0
0
0
0
0
0
0
0
0
0
0
0
0
0
0
0
0
0
0
0
0
0
0
0
0
0
0
0
0
0
0
0
0
0
0
0
0
0
0
0
0
0
0
0
0
0
0
0
0
0
0
0
0
0
0
0
0
0
0
0
0
0
0
0
0
0
0
0
0
0
0
0
0
0
0
0
0
0
0
0
0
0
0
0
0
0
0
0
0
0
0
0
0
0
0
0
0
0
0
0
0
0
0
0
0
0
0
0
0
0
0
0
0
0
0
0
0
0
0
0
0
0
0
0
0
0
0
0
0
0
0
0
0
0
0
0
0
0
0
0
0
0
0
0
0
0
0
0
0
0
0
0
0
0
0
0
0
0
0
0
0
0
0
0
0
0
0
0
0
0
0
0
0
0
0
0
0
0
0
0
0
0
0
0
0
0
0
0
0
0
0
0
0
0
0
0
0
0
0
0
0
0
0
0
0
0
0
0
0
0
0
0
0
0
0
0
0
0
0
0
0
0
0
0
0
0
0
0
0
0
0
0
0
0
0
0
0
0
0
0
0
0
0
0
0
0
0
0
0
0
0
0
0
0
0
0
0
0
0
0
0
0
0
0
0
0
0
0
0
0
0
0
0
0
0
0
0
0
0
0
0
0
0
0
0
0
0
0
0
0
0
0
0
0
0
0
0
0
0
0
0
0
0
0
0
0
0
0
0
0
0
0
0
0
0
0
0
0
0
0
0
0
0
0
0
0
0
0
0
0
0
0
0
0
0
0
0
0
0
0
0
0
0
0
0
0
0
0
0
0
0
0
0
0
0
0
0
0
0
0
0
0
0
0
0
0
0
0
0
0
0
0
0
0
0
0
0
0
0
0
0
0
0
0
0
0
0
0
0
0
0
0
0
0
0
0
0
0
0
0
0
0
0
0
0
0
0
0
0
0
0
0
0
0
0
0
0
0
0
0
0
0
0
0
0
0
0
0
0
0
0
0
0
0
0
0
0
0
0
0
0
0
0
0
0
0
0
0
0
0
0
0
0
0
0
0
0
0
0
0
0
0
0
0
0
0
0
0
0
0
0
0
0
0
0
0
0
0
0
0
0
0
0
0
0
0
0
0
0
0
0
0
0
0
0
0
0
0
0
0
0
0
0
0
0
0
0
0
0
0
0
0
0
0
0
0
0
0
0
0
0
0
0
0
0
0
0
0
0
0
0
0
0
0
0
0
0
0
0
0
0
0
0
0
0
0
0
0
0
0
0
0
0
0
0
0
0
0
0
0
0
0
0
0
0
0
0
0
0
0
0
0
0
0
0
0
0
0
0
0
0
0
0
0
0
0
0
0
0
0
0
0
0
0
0
0
0
0
0
0
0
0
0
0
0
0
0
0
0
0
0
0
0
0
0
0
0
0
0
0
0
0
0
0
0
0
0
0
0
0
0
0
0
0
0
0
0
0
0
0
0
0
0
0
0
0
0
0
0
0
0
0
0
0
0
0
0
0
0
0
0
0
0
0
0
0
0
0
0
0
0
0
0
0
0
0
0
0
0
0
0
0
0
0
0
0
0
0
0
0
0
0
0
0
0
0
0
0
0
0
0
0
0
0
0
0
0
0
0
0
0
0
0
0
0
0
0
0
0
0
0
0
0
0
0
0
0
0
0
0
0
0
0
0
0
0
0
0
0
0
0
0
0
0
0
0
0
0
0
0
0
0
0
0
0
0
0
0
0
0
0
0
0
0
0
0
0
0
0
0
0
0
0
0
0
0
0
0
0
0
0
0
0
0
0
0
0
0
0
0
0
0
0
0
0
0
0
0
0
0
0
0
0
0
0
0
0
0
0
0
0
0
0
0
0
0
0
0
0
0
0
0
0
0
0
0
0
0
0
0
0
0
0
0
0
0
0
0
0
0
0
0
0
0
0
0
0
0
0
0
0
0
0
0
0
0
0
0
0
0
0
0
0
0
0
0
0
0
0
0
0
0
0
0
0
0
0
0
0
0
0
0
0
0
0
0
0
0
0
0
0
0
0
0
0
0
0
0
0
0
0
0
0
0
0
0
0
0
0
0
0
0
0
0
0
0
0
0
0
0
0
0
0
0
0
0
0
0
0
0
0
0
0
0
0
0
0
0
0
0
0
0
0
0
0
0
0
0
0
0
0
0
0
0
0
0
0
0
0
0
0
0
0
0
0
0
0
0
0
0
0
0
0
0
0
0
0
0
