4967 4930
406597541 942264129
679029164 266310306
21683898 402873637
139636095 864138663
210776841 190571954
159914372 541808266
631330282 810662664
329130251 721678349
941933710 771902468
373737811 613912175
176654721 940240158
652690461 685997071
547021085 815769855
710939287 824275647
435834468 341518835
432103017 535821590
932080005 93792824
755875124 11356224
926088418 787818488
948294109 210804551
604433522 791299330
57122392 9841646
847396724 164520424
291779510 906434506
650252332 85187983
885514193 948312814
596156629 343206172
339613954 936355909
732901893 465839522
787254197 581286750
922917931 144198659
810538736 146108159
104038171 318031486
658479680 382789477
306500394 348936328
651081337 432664359
447394859 495876895
826284109 296201481
220040312 556272376
744357625 180395720
32633910 75724675
780858910 615270416
685794115 726128119
226645620 742357220
501380649 567099179
734536991 586161809
852469757 115377733
207741056 67467221
835563657 937751307
722280210 520062003
369957367 178787199
101705883 695241876
446591983 999753502
487084461 702235799
127832487 118845040
921118308 144807957
355621396 722905784
614900091 644237389
999216217 346340409
183696547 903720379
728290064 158348063
269578419 634098313
526904478 178019610
960448727 245232821
973098295 75089178
185742497 951240725
583186589 704587032
771395412 240969018
358668041 277935562
580469994 793797249
297823907 288547302
293957282 727298185
322252521 96548826
972200119 212523754
447211478 998965671
597148984 864884787
524992479 310309409
222396899 711354671
65394474 807358715
307578852 133542025
396824051 326761375
215756995 739589269
836578876 211688283
431282248 616055356
57616789 218919856
871481166 59260467
121043656 846440864
35922648 58910962
281545861 278738919
427420389 639659416
213707385 74068512
45284846 385769482
549152667 219930597
710560861 86421344
380901580 648993060
375621727 587938791
433702949 794599540
707166399 48170492
470803754 298936426
964546869 555464849
712967438 668277901
790588729 783853184
880755746 271010011
239693331 350311472
645926856 927359652
603288978 706904664
798940211 591108881
424540017 359164523
540205216 400316685
56632978 110558621
906874204 696214963
177497856 178345295
504721722 46463500
1648229 306725981
373031009 340380599
72365217 516785218
761419265 879408593
575199167 910079597
176346779 591877960
13625046 78674899
842611503 619074711
264975642 43691407
231347934 790402013
630649660 604641997
401673124 332411626
286902445 603970951
270044739 343091510
913600821 301299237
200406648 397770531
904239951 731830581
950443382 841644477
843136907 594711439
4859707 766147471
402295274 339982991
255620078 840442667
119098683 613886602
300974787 801999643
611147205 844309028
930449138 524715841
75571404 169591908
644855820 474039616
783123569 278885240
777980699 999247491
751430059 42737694
269779636 94709689
208662301 668552621
894702248 939679798
897668319 216372586
172682355 362558005
82238764 703984842
356441470 689153539
138692623 911508842
617616612 16940575
96006621 434560483
142077556 294365404
769460428 502114433
551243415 472216418
14695413 568275814
320555775 819238387
247961728 291935739
703903749 629509938
723871382 20230289
650867525 5638564
169925884 149014097
849959662 817105676
242321424 488883917
530536248 166973244
147206863 597461542
113605941 469484103
110751892 55529452
120248660 65009177
381725384 585126438
698373745 934109138
771897984 253140421
740975930 565135419
462639761 666545785
941143892 479464370
271365982 439051249
565480804 444340822
170188777 968290268
878949612 692513809
880431118 831855732
946354701 240266336
720897829 393549025
711516051 991878743
84999351 304500161
237197271 748924587
563428643 744570309
370340901 429480305
522141888 850327473
158059548 482519830
745813976 952863680
272491444 640545380
478685248 261593608
639824562 981786642
273081961 279258305
125702867 819373049
128302637 717663015
114499315 584566689
256045464 271721619
921294776 279142087
864156237 925235580
385261536 808200584
987224993 930342211
913269974 59118183
932475048 843615712
358366847 235710819
35021610 363002217
173373779 678653346
710628623 443454154
236376401 439185098
752528174 863069943
180280231 11933470
247098788 514440234
57264911 950329412
138405779 282572564
774692895 750985740
243354207 676721048
460155898 500200243
866560064 210505385
137830729 332457708
344257118 897958618
601002741 42176607
991709770 262870397
469915735 405829090
922857422 841025115
504783596 734829305
278470705 805316139
197664037 414831797
96819068 949161077
532507265 318696887
286420928 593955529
22902711 603694054
609166022 531081833
152349426 828942540
80834679 258648173
940130346 61408130
157129814 521531143
490002016 538755221
384603803 860406341
220899513 928340679
526649893 842522828
943707396 66025350
27972275 569603645
261678032 25602787
829462750 310664173
445512572 638334553
679691229 884527892
782312331 817642413
600755635 729731750
606036674 565633367
774535873 894694672
464292571 384262927
907037618 319432783
89954041 459553644
214828006 665376004
417961410 699758512
380607663 643472889
124899503 152429821
511653166 758760299
5526793 858488050
628398250 116447470
260359411 705487557
74591489 936334338
603959432 828651493
832729737 444055923
981016200 269322991
846881738 853309679
454609317 49045383
458062437 19877988
555356469 134601277
259505343 740713297
196995235 143388727
397143667 330543120
761798041 48271767
168046667 190123343
150596250 607493228
870691524 796202429
848567256 267905292
98175511 882123617
196526115 890672106
991979527 276172376
205742902 326029080
515837869 190555285
620631504 541961788
992419843 493114071
583824641 165441114
959189420 983530924
183356605 763998530
429801719 726789354
942958307 737886831
331737847 531864611
84970495 240702706
627752326 766846468
335748444 922285666
50666470 368097060
296335857 528024779
207229485 370294766
374723661 423247724
728780299 245540124
680204989 876185715
692624630 276225447
628183190 939883923
467214384 794089687
167595720 658951089
190154025 308768379
185524234 508509385
371672095 443559676
588869777 439705046
35465423 923384460
73129439 372153651
180976477 369303893
66334559 527752014
597018879 120566219
409656029 605991545
56597685 88435697
461625528 210854127
871263500 380406034
556957261 296775523
202461562 152598972
680576031 40900828
500957264 241797496
842060587 13509442
47115798 114093391
487320790 876057095
818264466 842895804
914430420 405700543
747385941 615105585
974312328 554625368
761289749 880250464
645235233 880959786
742533116 817300143
582051268 858831692
252340787 543983504
788368273 23543948
511046870 824597877
178584492 115189354
999126089 231982220
444155889 656003445
73045747 514249199
800918278 295059893
973652912 125710499
147587102 352150146
296152570 691280119
257361355 776251855
194531834 406548388
468156740 690178370
994479285 953795506
590581949 82552064
987499450 43414904
539556579 518039186
416975086 835159837
484044217 8786457
247997491 25033359
881494828 961492374
665422335 465471879
352512594 473816592
67867985 985535357
958091400 141075209
875393697 642266648
697261946 459696323
595335906 643826485
659818208 21293822
804009746 815152795
599363791 470643726
268734158 711967946
836210057 907681557
917044478 93444355
700803235 872522790
248862506 567489173
339119359 632141368
316249485 79975748
145825678 766897794
685846925 313415512
542122826 582531963
667552576 95299101
224977886 434471894
506191036 363346254
671824490 636292341
933482873 328870883
633886820 175792771
153053364 842044919
202952837 876175706
156575804 768754198
562661555 508992404
991266429 219141691
879064276 95746677
740745121 406547272
514025118 641078903
19820939 377818674
69693755 827108038
804156051 982613276
661736587 983280963
621625160 968654768
977517983 328542497
723787007 851747139
196518414 507104206
268718145 724595517
482712389 830341330
601657825 323519988
176977571 202066778
206942880 787386501
344473429 143269778
265916170 71825987
928933322 213954209
256558068 363330265
514040932 203275401
963220858 543810236
869928206 847317299
236284305 438341851
905743321 950137600
885885812 479050260
724962030 799111532
791883609 848042177
555586210 766997214
628793954 199456141
189748884 233215432
438128995 900169596
916205220 303221838
741822601 628634164
684665738 179986371
202731686 72361506
812036899 464866550
747856250 242754248
214606116 791636429
608177441 752976618
114411802 768441408
656551104 414415003
76298443 454368998
56127430 248742790
622316569 440401556
334706150 23872369
56607638 684604357
482462604 120189262
195527140 750389188
741454340 117170241
675231418 742906109
283836511 502626179
155598788 926078216
607244278 401234888
349528003 461944338
983085982 317589525
114900230 96679146
497832345 736742689
164867792 436685661
958113157 354901952
969987904 791231933
420355106 738165274
82040344 526893548
249097221 221281504
445243523 101247542
303112520 307825274
933235962 292932415
605110666 439947206
874024508 7475932
423233319 282523984
156887147 523234878
792716426 927548089
894919526 25983524
323071318 294920160
8264099 278769620
571902975 876474283
634615529 325225791
568675931 992849417
891272136 973395583
714668568 462065213
233738211 139165150
6654305 900943833
643004589 885004674
281795716 921418598
592210670 87673175
194663134 16882817
722812506 399660226
239593503 827725021
500127721 346343465
404514621 961294101
347855128 811201248
843784202 745904465
477197248 405381949
657640945 157471011
288788524 659031814
691187128 9058042
498010198 447548634
687948234 609714657
33368410 7896846
822863590 141170444
809191729 74586468
283730737 255903657
854945662 116898494
287181202 128193693
913192144 712323410
609924216 656680752
888032213 150851277
468529929 618367131
16124435 705473650
279874943 169769679
303943898 333722843
304174679 132709295
222951362 220528287
733111716 77335776
504062553 201669520
817136930 686763279
241883047 73210375
160784185 802249607
56946238 162859467
456842415 321617212
362993106 10389751
574280065 292650364
676338362 777385159
921929487 931239941
498186030 444112260
186502629 4307947
475304823 593055022
406012409 379289741
868726056 989560295
719947782 80467792
699604613 263098235
303226516 581808495
566819518 806215120
33499033 867199639
726519781 382838435
927459838 591681720
691332880 681379053
129101669 225425320
561734297 51163459
96959873 578885163
166924902 503428849
113844576 19311441
861055083 314742744
697833821 818408599
422298495 607380258
78214269 318645973
260438306 135511476
301199645 787065884
60509438 610237816
604165146 698746385
17614626 441953112
821582911 55129507
948182383 675718058
820464520 461150007
904760232 686877547
958490315 449987110
363826043 157618710
347858759 294252331
601483402 686019799
792776137 759629586
240032781 223376729
372850657 78692552
812244793 946871843
88282853 473183052
385117724 393575055
481885053 783997758
210277622 990489138
810176710 389850969
287410018 679062971
944998550 960433444
534804359 104004059
952432205 616549397
783445119 540702276
223263947 665694148
521263554 673771910
466384506 815429710
130846972 764824721
765151824 178239518
772922341 615072498
827525331 267779308
990487143 132663172
76399068 334537554
999644181 452460537
21027779 621521615
306666753 266516425
538528944 823851726
117146098 940984519
904018638 28343953
226620114 213967543
16985605 706852801
935700470 670661394
307768818 130661636
154259311 908394415
117958500 680782382
62687197 700890175
356333069 694331070
353248410 590841780
860714196 285251153
661346652 282386539
335804417 759562985
246493103 884371739
119611627 163085875
486477390 287568389
807466100 626986597
106412550 441705571
915529381 567234072
720254568 57877231
297059038 817799801
534988929 465782580
137788288 223179189
970943996 706597594
129011941 270718213
590177919 275997468
460400123 854553420
900872629 393959493
745383771 849157038
843709017 818862108
12370302 67189496
100781132 34381929
639519579 130980749
133720759 214929705
266295901 468645781
570593223 617666067
582767525 534328118
787124428 146759252
629150476 89217944
652404130 109378892
884509120 380775648
710992735 652381650
487992960 834251745
58187733 282368524
496318225 872005427
420128630 191073864
217501333 666118318
366751898 320322148
579458269 181494590
494779674 853567870
75556342 861142591
123185927 915535917
123628851 190532616
566369737 200757143
437525179 705410840
48690535 78827372
693439406 566639840
27389362 147336322
516561231 533631170
176697435 806229326
988199022 6705399
226616732 690558851
958222781 42896447
239293413 139999721
217542294 629639467
879090700 263494487
574924877 966262186
191380916 984608894
783150499 554808971
470984532 359520732
372843990 149600844
181778207 65006655
432393824 934044497
322164151 578877717
438725086 193251359
306433009 527531726
219390426 395261134
195887165 266459362
375147255 731692445
154332127 318620443
965636353 384381661
485753116 443091352
292588484 514210580
499334752 180745078
600667988 908130464
515361385 357577451
404071136 236063375
267142520 642303838
649455696 240231757
384600155 31999076
110908783 12477354
367706669 528437894
146679676 552219052
796804780 281234375
233184 26818075
769053024 286972834
581192237 210043113
211580951 254475364
42069204 501685307
20548789 179966199
977802556 51305956
655012127 84083367
842296442 434103039
89159395 909038960
862094634 658105605
422359914 875557535
859261531 99667271
468642726 393845355
699185562 182839636
624226096 136532018
474832122 656121328
248937703 339747746
657809697 698423958
71876503 403439381
632074541 722515123
658078002 89982062
648856945 228212078
919344094 819766188
365675226 840450432
564433082 665534488
65735549 361079259
546240258 390860029
444093273 622332958
197277176 764531092
97111664 144125754
6695260 309365916
539657348 557186324
574335477 474762600
32789158 162557871
745071330 773939317
469043250 93503418
377705618 692818797
736253359 987650621
568502100 293675596
358263291 54107535
322791633 776245556
286947009 535284857
74151460 287425679
847855540 749497535
24753778 71551140
188545881 816196263
24581084 414357519
766152299 439331961
767444959 45877436
665183889 200300308
974313553 230681623
131090551 398038349
45801377 576705078
485665891 940610647
755411634 867417733
164465923 832678723
797707961 535801133
597329166 84245635
246989796 901408031
46895002 857460153
393113023 920731457
803775401 565458876
484792056 550625111
829359167 967707789
256654750 201073064
780486660 694244381
361490468 583292034
458708622 86946037
849590187 922477259
497917221 836820045
41566023 634943934
720739787 566816031
434812610 430713856
885810674 904405744
151648724 571940987
258366504 835554751
173097105 122868862
352966578 181859205
539905835 927180951
133387688 438831328
198452343 546738811
321671820 273228190
897796013 111668088
422895431 275331317
42894827 616742555
223487677 142686980
533685278 873029957
152628405 336282757
454361016 883937647
952430101 508921909
829784434 166924348
411339015 215423610
472597024 765314032
844555467 378608304
310387247 415276910
597025578 980861955
767588776 319039730
26283305 444696900
208422372 415420470
41968769 95455503
216549817 391531352
311962842 266192329
407029903 288710650
55394773 867622852
647283570 277423154
404980387 504330960
246629977 432467008
446928384 59310518
883732517 693376545
580162561 292921110
694903597 8060713
916001101 477705954
6398770 583185594
935963577 156880866
856173940 261519889
992280217 881244851
755264481 995980555
256592383 719430961
459344819 879204877
158503554 693395637
493020032 825191559
520866457 9602893
796273280 682467938
888963602 866437570
786518209 242103504
229190214 185686488
58308363 57823120
346447041 958643587
652784719 677031839
497669368 711331594
545539632 137721347
518519119 962928203
965122621 430132466
34238102 941026038
977467982 633479609
45677754 508554534
847038995 453795883
223892685 552068828
105973184 533935021
58131877 634783166
909211619 825407592
535657990 139144973
612374052 744929556
707210186 521029523
830429429 604235787
50697589 967848126
771982548 23278124
821370007 38196321
563749160 726042782
31350813 45728192
749280797 274757779
639599360 366597647
897068288 446351427
171744447 621383140
442775030 321616105
727960509 543740679
316789733 525500352
104779318 692515508
427210868 353239464
879954942 974349665
935217463 81315995
252470372 310096633
15748626 158761967
10353222 770540182
257769649 114009163
826962990 941903704
401286760 289505747
699842031 25659961
64817825 87834588
567978605 859436206
861555835 288675664
435151405 516405026
771507294 16644048
54116628 814514607
782560266 723052543
787929872 128114018
529744996 347909008
158126937 401054737
319085102 284444517
64189017 733847745
284837062 967133013
639202052 599822125
27834914 379261790
180390906 164431920
20787277 419025847
935060353 542217748
851071079 90449885
359500839 353375374
207345451 554295300
654004803 653340584
682383453 483335689
278618592 997081190
595041309 885682809
467682857 885695507
194319796 925025094
892296795 203323480
74894490 326062794
45271641 213687292
844104501 567423390
337230259 387910529
352869552 758093560
458778692 44788609
364546220 377070000
202545205 744456588
204525767 696491848
891180418 174111130
816160186 338393589
246547029 985616803
187558183 238998781
848753014 844686200
627265023 700946780
429807401 256641398
393164987 270780818
978616705 884576568
913369077 374182608
937433028 624385076
806894156 273264194
646831650 971592925
127379963 516499230
919836737 334526997
257108797 194738816
450547423 630159330
500887815 770183773
322801503 198521231
106075907 145155496
556132172 8720941
775377952 133758166
284528833 335467688
884391 31199387
797681376 341201389
298477498 236286481
266666819 647279014
958605795 178716109
110029492 95567797
136289676 620169595
367477968 615722155
31470254 446942822
161318728 330601449
173626695 853397769
335104053 558811230
141068977 429231295
327407341 431271536
741678423 490563020
197960813 991258997
312206998 751940619
110748626 293150950
546812650 9141287
84676220 252375475
670147622 940688919
232379090 570842479
383590603 631674553
675332749 19035261
819727482 887669686
989704132 222274914
457735411 310086741
582588515 241434340
601578617 210683872
833523600 311112909
576212698 442061410
746894809 724103209
914956235 498903160
401813353 376269196
701320142 314962826
563937378 668882886
87067414 753876208
364257868 532083837
618791495 252285243
612541711 8229772
411445829 61041681
344895316 929638315
524418635 162312579
419607017 727838521
327605417 643063964
657188358 901437170
928138760 623510177
166276518 5197648
566098077 329806782
188796160 96026857
155769507 596249475
148478083 48236524
11580676 664070821
556509120 333790390
422229068 655703393
790481865 153747309
482677569 133420764
324570970 610420070
515805812 668915168
945633634 118376948
553036522 416395857
835510075 277556420
117537755 44570947
564569244 659472188
279317488 180190913
893166269 435298558
865499986 90304727
641010009 658057050
55469272 73046081
357087317 214341443
682791659 296413747
922726495 221609141
231278768 508922201
290979576 661938583
673074426 26488330
137797548 111353966
504153873 446892600
852808709 490812119
644539977 511191213
691326549 887758872
419323276 285750913
568792401 112450185
122370879 446468779
596708938 52672489
7932824 585643295
523585050 74438307
123122508 706094928
79254337 133636812
41275355 901674834
53269142 435281042
1253309 545853723
769361645 407280164
724209999 936990362
652026656 885015026
977320777 718636970
918989053 877149063
710581506 245321189
179224163 857824792
797579677 660419145
236218907 987156704
52104377 64854111
939126003 659405140
69667713 268133484
647366449 901218872
344202967 679581613
168009559 441860236
155200260 40833728
170345361 721719648
779773269 707868170
732060321 437476202
814835475 566431049
490336829 240679705
472821224 94334472
834283744 311789995
751957158 457246902
747865593 140975419
213441576 106409722
72774054 423430598
37023568 250787509
500682494 574416974
93697912 484487565
974636199 606887575
482884025 869320058
968092071 431785408
360265450 846416951
112144191 640478081
146668504 18419927
287596483 253489244
729722652 650653438
264790369 835782149
59475247 694350518
12327002 996219495
356486551 358384710
40304444 157451665
751518901 843217029
873379573 115592159
408606028 805197743
545008481 102701905
761233568 875532012
562302430 776922621
244810071 945789039
802143249 489410500
302062599 187465079
632870295 569914624
932565877 927885016
255281756 900880297
303070818 906679808
712304819 140385637
497574072 114429269
764349534 12859823
209085574 319192680
54571889 234249179
735680339 208163604
65541680 527528615
211627967 302695375
723405517 80729217
439241075 142711256
511471429 185622030
712665019 896173921
304441746 999589607
264976516 22808983
647700005 672910057
483572347 3656289
176471939 217184496
735828838 313180983
13686242 473459114
598574980 82216726
40309559 113462044
554256090 690030701
240362961 687096309
282746930 172997713
514464002 471968159
304870966 158064615
869857604 309677349
806088448 847203062
567534409 800039280
766114934 142719599
852156267 637562377
985337567 558518978
467717836 270242299
225753193 794631775
857273607 419958846
399147955 524730170
211369039 434089361
16825683 771283816
173381257 421422118
870351786 706547728
573194248 501481396
81632249 867639651
467779815 36930774
529197527 767476324
113023105 552855418
213529255 594950905
354119132 677443945
982120755 644588840
432077929 327758121
387937257 249251303
204290968 686510822
837051443 552836336
82421591 323731248
153535321 771537101
241618106 351419901
23395982 989189584
104500519 560049263
873799217 251354809
339629051 448491595
487795989 633083249
453193953 551542016
428447493 125699849
902180288 130887465
303637277 784491536
850532505 662105361
31582360 758714341
287573685 211735952
716067251 355493964
163525216 622754278
976652227 8015859
192867459 260464430
424588233 527406098
657621074 992921240
880788965 85506061
674043900 956416337
675918441 531971094
831170614 656412572
557844209 821883029
911045791 838818785
283755284 19522652
83446576 89061934
505538515 248364389
892789608 446567366
85256902 307217663
606394663 385894009
858449863 696183457
584115303 452561870
882022196 732996149
581733133 386458589
945680265 260438205
51070252 354072974
118619394 28626339
894530082 180410581
113262862 892896940
903255211 423314322
23141293 836725454
413374047 62158792
115689622 405738263
585929165 709028019
253722864 29428771
365665630 53143026
311815798 695292110
30239220 827432537
182385429 710762093
79822308 184385695
144815763 869115656
802669745 963360770
876913669 544891310
294465413 140332735
381324759 538561015
92248901 836924642
438170057 192942000
384776161 795213487
999266306 195750021
523351340 71612001
520814397 748672294
876488213 850636825
171885600 532811645
678004943 600972703
795896626 875528535
316489808 727559663
33610584 834465373
370447108 519552620
598830692 635029588
92442308 171837041
955850822 2354422
57331623 11348947
143520718 606297428
518419585 965722612
671752176 304242604
301076917 707117502
710605216 182560889
383880814 603749380
249050120 121019770
430337213 320480811
344136395 367114630
985662090 250791749
681695240 95543344
668648734 884310524
553639860 430705772
550535902 863889902
623023943 267385651
51612875 923192579
48416304 927908802
229978876 803929256
411684843 181084524
98884992 371827888
559674703 264417923
371419558 588588205
423554507 307296971
282252997 401922831
34191471 956154546
596486629 975219161
833578620 340415781
19249449 861412181
303917159 970872314
445472921 242590128
286791262 357429433
313800756 119141568
272318855 851480011
494710009 259352370
332328168 52736448
135233303 336816241
558648474 969823953
545039929 920020843
359511163 785407408
845419960 699425355
130240458 52541895
637490075 206929173
337146857 34095894
398645914 261355258
80952651 683294942
850352893 492169517
273747346 497047854
648765616 625504462
156398421 474040061
297832921 57767983
594422568 243950207
638610332 499389446
533356014 591917687
17974100 413588078
97627729 477659159
113349757 673085666
303889747 135186062
556033244 484586334
491204937 96716436
17001357 419074044
667958199 161847678
76966808 140805371
655585453 169394354
12962537 733425426
917533950 296946021
279083729 553344001
764451683 183492250
486140732 261592237
998249574 184690151
163125634 150631020
650575621 519942804
851334104 358778247
26090758 124755927
807709589 21855861
726389677 27700626
193893003 316914969
989900435 904740707
648758150 81781782
20249113 907412172
494229634 558499704
968658397 58251949
8740163 515477125
252165768 813441300
916514025 184716681
876668128 321556739
895316832 845916076
86493506 367031439
956359282 47178890
701453357 502989239
71942840 949235885
170060761 718798706
813372388 567026097
631278526 89869058
961101062 163014098
743279598 377493204
637728431 649076196
596994774 592151982
771479891 112988250
306000647 574722215
860246415 449772694
987042752 402692923
507403610 561715064
129112406 718565579
430762979 261214387
52658200 215202203
760750807 90684496
460942864 451381178
64245107 290298589
569466596 193272478
94480723 23464491
517402008 866902733
882850039 626378386
148667941 225461325
725402120 262807761
900206888 865970773
887580545 812568535
35505069 259754787
181494810 677836755
89774275 148431207
622754013 747499882
170559572 132007747
594917537 827703385
178693506 68261743
684337324 346022557
252671520 973716887
160123641 69927755
6549440 204868882
380107105 413771521
311570461 803272916
555247155 436647142
627927185 350480133
753763453 800560880
44291688 8188615
240810534 690324663
286995140 119879488
542579132 316791032
549616424 372653185
531840158 549822326
169055859 873610545
241540897 84191861
583854227 307133395
380009152 645997829
461763242 65993203
257694797 615167494
234541169 479351164
764544717 196630822
436676779 725341005
239436741 953073516
265221844 27436416
247400906 53304591
114477852 577486269
605375402 828302309
169202137 144462456
964883769 754526353
245507665 337030629
294942104 116472591
650506850 854777160
656457290 763926530
681423517 274721487
758433707 490091362
625868503 510034531
748040711 575244254
3412658 128560909
878634026 231488369
187053432 327920191
628452768 948769786
606516408 890978666
466174511 911768457
608347492 253880895
69420686 954341523
362571593 122223826
868961012 362506026
499528973 996060930
41717136 170042043
609523525 1127415
533068108 182346468
934801638 336682586
873712545 401059824
287899199 582014842
449633953 567370226
871542633 427652084
241007806 186348919
304389583 563758232
79130357 34126023
639665821 703401429
531799144 711946580
891517053 845800929
554339851 34211989
284199361 473856029
442344855 441605672
162306172 717234289
493329501 780896984
558736913 266100581
200329804 205865996
61042875 21025880
194398082 51948798
696873570 544739361
744273702 238664280
529343826 950265001
118214066 228710469
121649103 909828789
566965950 820380054
199534755 104720879
168386022 428862851
637230377 713244086
224033090 139537009
40461275 426372140
813139494 940657542
178246510 436939288
863463671 361891640
442415425 825373522
267318727 464296413
28080618 748541383
424127938 430756926
606779442 750949650
417642882 753366657
679384074 509546034
452441799 650354356
527185793 860676761
633749499 96751738
957966768 402012115
103043996 720345210
165964555 418288701
491816972 523299534
876911752 321448438
45981253 826629061
155544132 145111339
127779663 444085374
85856947 358705629
886850787 291108139
318719134 222430595
817998074 41398071
4339682 838891514
50334154 465908963
366680124 228578176
643111163 906842518
602250383 842893477
125185862 940045244
139722638 320896993
4346549 579288201
577560569 928615790
761686572 940676261
316677498 432683086
942684807 251171539
588724663 961697491
390519400 225602762
447931391 805774919
731776954 135500877
270456758 297652821
82889976 521701391
432619586 857513086
634020309 781214022
576807560 12197674
293890918 526110444
169799768 750796877
514396281 624443899
823925162 440233491
519715790 223786329
153051146 514274844
998857981 615252560
868162884 161262456
716518457 687708314
327875475 322753899
139133241 285182105
78113079 74217684
268876302 494482254
98343348 956366935
364776233 958545201
590663147 955842353
712964122 219467203
71991017 624997574
53144508 531056047
933028918 682298576
823581323 262113068
633600434 299603134
824845679 661069665
356070728 831255637
626629358 772294640
960004871 337877889
998601460 132982150
70984375 78297778
924144461 216665217
856966454 712878924
863439106 851175190
838429614 142599886
435889072 466772150
738239525 695670914
666735156 895241145
939794205 565278916
883471430 400416792
144789155 728159357
248082604 265227076
92038461 47167796
751618302 951190548
515831656 694171052
214481885 564916223
355511191 784733047
833191768 564178693
179955141 80264139
748752365 139223511
494767137 992702695
998653822 787747905
133356897 386490101
216325367 156098357
626357956 170723315
558820200 742891630
810812709 109184444
315922081 744626968
458083637 706285612
497576373 387578454
988030674 249576599
885154505 328740172
72578986 653561875
473973578 446959508
475460691 622754565
697511462 72854342
422914456 260605788
664780781 244040793
38602858 522628220
106043892 934171386
369324841 207650059
807190855 554586313
961738060 71556740
205665283 198687932
906384186 845635605
448226458 123069387
236539242 804103155
192645129 640079558
167347374 546841969
958364025 261061759
552864841 915768219
936401254 287915338
301672938 123997632
605242582 834407352
562131607 650592601
920495127 492575346
868976341 818946715
852281691 183481611
43439677 508879775
822170716 268540081
671084993 532620129
198800835 60022888
441114425 616045536
640252289 456731457
446218332 148290462
640740847 841799456
258759808 960898441
385428516 753628526
968095848 958654547
545559341 203417081
678873315 317177160
485058450 336314087
606844881 138775407
315978056 106271105
670134575 902231578
603368488 360453104
364355246 343833875
858952841 22126199
291954141 461123596
392953329 951297350
866297076 187405076
683675887 986686657
715749484 659054255
688715977 867523877
607795485 203843012
45934001 79649362
952899335 882342827
286901963 629827347
984448852 403222331
807422262 588143778
896023488 53882146
748390920 686345482
352570538 849223467
141570239 779765929
905065050 204670922
305174064 952955265
281089301 846262653
70133636 598895774
480372584 955692541
495912724 77155983
447117206 288917618
449436732 579138850
226205470 226432124
244939422 816901557
386094831 267907888
318636188 327738973
531382666 572238032
477681710 679496798
292614604 734074207
476571257 432157157
572108755 248289899
130288031 348293370
364363657 280837249
750480820 453972490
416612859 933831866
448237433 262126733
341748968 65396715
930748546 14648373
239688159 226486556
414177940 473179159
259661028 193220639
453660786 991892103
369647284 598334942
23707370 934075328
365454644 472207447
798720770 614743776
642149090 671866324
321582630 424794697
63315898 674058360
664039263 372839047
677614129 53147649
661760369 105218972
957292588 466532521
739373160 292675786
964728229 95575682
361730476 182403887
397157329 941043225
666205628 995595591
609308578 16000629
150813468 404274469
831942345 125694589
10462196 19061381
924517667 905812494
363268575 23305240
680618221 254217271
992339998 117021234
544624172 474479648
239445619 874413753
90539146 329492769
379626802 216061264
731492108 285021835
374759932 177192443
136228631 253943210
231587892 473912367
549830355 309593787
290167749 918848117
291856066 864986131
916123325 133997612
459381138 205935387
78697014 905344101
400975331 143149113
274548446 445265587
96230335 237405202
59019230 451357371
394979031 107490429
411506365 10382630
567582523 259438592
205696169 929794910
761384599 187121406
88983022 249557378
538737509 751907449
536955458 982307707
101709823 16614549
245010207 234822171
488459388 128566704
441982575 167777227
882532624 500705887
946604717 708178209
256273508 631915913
485913832 885205023
616578725 100303258
880739724 571887604
993960508 6739952
265846880 391400567
720134762 453877439
859749600 638672639
427335569 825095333
247919924 962547364
402281038 421436395
144855054 885859735
340574160 429881642
295819170 258730605
108667686 845281542
865688572 150705594
572792089 265929032
556693212 697313961
75774103 554008755
609615707 64530716
871262803 453115664
790231853 63240915
617540023 786928099
252412584 454746060
602913659 291655504
819896790 379021116
805683954 708621506
769910932 898556494
46667468 438285243
47772368 847469336
211405479 17171634
634068872 872261801
838994858 797542392
21937880 926028174
936016481 275421600
696569073 898476845
764074618 79957820
345004002 155362859
836899240 587282167
105767066 775725430
944889320 239106935
929217309 209076867
657632565 589082241
60202354 736279213
855089495 740315479
616586895 829131881
156787258 837638786
437641564 576315165
733821254 644735382
560878786 293539401
542405882 150970777
22353429 274291354
865271519 852250977
825855900 142957729
835164817 937359973
715857402 57706068
905389098 846551954
849169201 658786090
692014733 160210209
834602054 437335733
146475559 669556146
578469009 370341636
87079579 954347130
274736989 674111337
717860723 71262833
804006025 12539999
50110649 808224522
824204362 514248934
809362504 403757715
915715216 288633645
241449345 230045000
253963646 555005553
802552136 82028753
134485131 864583289
530504612 823396498
40127674 720128432
594862552 778446358
865648875 467949675
46559938 672764427
580211461 690978676
394303702 905108477
409279103 69534834
657583645 742136334
62691999 676901671
80394323 868913193
943131906 37405422
258105574 197272913
963962791 745688892
48965997 842858027
434540288 923588233
649946073 495516362
729883097 938377666
848641467 534995489
241561294 572588763
205344204 222325050
192939028 788772320
40085540 710236616
778990556 619702652
430052081 833559346
103438216 894113047
392679725 627849423
21513708 32704319
937036000 684296200
611856093 665551336
688354220 870527390
535827887 522469428
560153681 788557354
791259659 155216409
253326710 165541213
739047779 968508688
172962118 902694866
15739184 434256619
134757662 190090264
481227195 352998728
472800611 240353068
109993507 704945753
132933989 64452108
930418512 272333918
729788326 127812634
279416507 42495180
821213481 671897851
123798529 368221586
575480706 831501173
849776490 12446792
885368460 685390467
156918560 399282646
27134210 37159985
452272537 23070200
870421935 257908004
818721356 507418583
7669004 586079699
996783476 638673592
330490351 814895705
194057865 604218895
691493080 464035305
318148515 119053797
611886176 306571
685344985 979227296
368548124 704371667
67564804 893651400
390113004 129203755
300587325 4763373
219288523 148630935
238439652 73979075
910896723 526965867
646798819 117474628
112261133 569787580
99575601 613715766
241441333 71340291
945056799 36480624
67702571 272332712
322749555 167671269
804031397 287690153
844614142 274814052
31383630 1636732
31541292 736020908
346229057 206714399
104426606 867849714
191213959 759082291
140747568 633686017
779910856 582005497
275558287 996054729
527735148 591960961
455879099 378487895
946979911 109974726
894538942 153664625
16603388 639506878
788019912 237343381
474089147 209506205
110943519 316560574
477951169 396014551
780591058 904949260
77049878 229443301
949664881 894578311
901134308 294532602
241950394 920188459
228524651 651582107
750518815 87504902
114648738 871310754
563122659 416489950
838268022 914063106
823914665 510366663
229445371 182501960
121039228 117638308
709286603 214798957
80888641 143601248
341264603 432250829
750906976 114331666
855809172 761230564
415458075 798029743
371350568 112506195
300762401 617136283
600866139 240397227
178715616 995560086
429172194 9556855
562811918 608210120
805412073 174146470
818332315 744012054
13511277 993295851
959169764 302164925
589341464 45211861
119137274 165207334
95403183 728324284
807496243 25413120
59952845 457304936
197032218 862003814
31543362 337533023
139378176 520113765
54592602 949965797
695232089 413468971
999499724 61992911
419295105 529028892
139704826 411745595
375597659 8168016
461220839 984048256
690156230 148929826
5241358 424170334
351568041 616254036
534478635 375045083
956823792 891071052
324519610 835105729
75188818 217867322
161401709 625078713
651535146 99525904
934379077 515980442
902443931 687878409
592579386 348368967
571339432 971016532
791724800 827323527
723128982 91726337
264250398 251600236
237948317 558721734
224232454 104612305
715560735 242654755
293558963 866528460
434287787 858773444
762108238 825996385
991826587 361840778
340201996 653131997
930728263 160786701
324981903 383356237
646865199 424259221
32900863 646357726
507962926 643802019
457116983 546662702
330628623 84582565
449412037 625973612
278581873 62605599
207478343 46074680
665018783 787322672
223612598 673075489
920067437 660616835
10207608 165622826
919466102 507695832
132068122 230613754
831198749 625978130
278507037 912398320
842052305 37651590
550251218 660138518
907296816 268602552
569419267 188999570
812166175 995432713
230046097 676405101
142388276 733598910
615182561 711415054
585901150 185810075
167218570 668597669
788769581 395906396
201744314 748867444
290382545 672759565
98975197 928812292
237846956 37414280
239618381 561531567
303242946 104779449
278874619 149361149
829180971 346147568
311357197 195547528
202558475 775302996
673975876 266187234
561978291 871493366
181640143 855066821
67407926 406374143
427943667 28300184
15853571 53065076
430432102 876893836
40239467 400143092
343848348 169346380
957999602 268305655
753244309 503376321
379182170 682070863
881984695 759733922
822855766 834082981
273495900 893769246
421754072 819857656
217063049 666545119
506230591 735663547
602190478 857246840
262122996 613139
170894924 17244610
69124399 818433055
169185241 444683505
487664585 759641207
572989294 608339712
749197861 375823873
582254664 912431075
639843474 779042283
280336093 143312976
49417815 699212261
744030854 754836936
968606465 735809251
367206152 717212997
27791551 863152770
40596949 101098719
531019574 482056187
617449155 730320384
694939178 217689684
707378240 676507892
446948763 8014478
334575037 430317144
164837012 349524851
466190956 936342334
843556992 85760365
440526985 107851945
893829305 279100680
971809479 386563753
108765344 62974828
592318801 178232042
842057104 671067456
342979046 307928361
297584735 741976586
590343048 480465559
772491305 87570789
115954592 101685076
22959911 284255534
251938145 155347210
492466859 285317664
46961444 330588111
191537027 117082592
604129211 712263690
472483674 462027356
207065862 863840460
629980790 316380271
573331675 883960774
381766604 196791172
925950709 210635802
171814641 992533005
367717259 56663264
2894221 540132188
909770811 577116311
611041942 709457766
433135783 528875350
838163516 221828148
624665518 443927678
81854482 481599226
880948806 282219365
961451762 290458929
162341645 561193117
325494329 807899237
475834357 14864829
790454326 102656128
574996237 899236633
381591782 31362313
866669224 896421272
814466289 236669777
185476046 120996324
577929219 464170779
202276968 374201654
539773571 399328173
216232312 310069786
250013715 721508615
817339569 218507817
798748986 286455192
427265106 521433716
48265539 805105789
905810479 892762371
188039525 532197927
11851472 197659392
824157790 71730551
372167669 632513368
959208756 239001227
411860722 599550304
270118717 670696851
630956457 574478456
23487228 322002184
591825179 833375173
148907882 638225791
555938502 308708558
78676935 677640066
371729781 438202688
522051080 940950376
669779976 607450458
290111547 602905781
223159779 448751432
248115149 55630847
61802137 718201568
51402948 823212596
297328225 334305722
756382740 986642170
485805302 30444096
880564127 678704097
157587697 776059712
152636090 842159658
61009987 822545332
732610065 128878551
110919358 114408637
61168468 145613766
380355504 31667864
509554360 236703016
607196506 247963640
173713259 222696309
480286175 431926407
770048769 540732034
967205828 22310937
837812747 459484308
705178429 966422868
199641875 685632620
435394948 417860425
351641199 583422213
709885817 401519250
792346337 107275194
957553061 972463367
499158672 137433184
141837438 81822976
632878469 579897462
663263921 990475660
238799791 350439147
255297680 310899374
50280522 51842286
165582875 357510209
105413083 455498119
28787427 254356178
834159785 18630071
23489077 260385543
536473375 649472970
113491754 135213122
494286284 404745129
432204403 552338457
156447461 877421083
193001690 966576873
377903833 867282464
153116478 539375844
642892502 761240835
709493961 994895142
967455172 450453967
45458116 62536145
10899512 948890741
628112813 666002382
524886853 662501424
312104476 773999450
807359997 663486997
682476656 747891840
738706469 724421375
399567294 530324329
925105877 659223702
698032781 548133456
165849695 606002272
465710527 618955660
959782230 945288542
3482739 107556889
23709278 972667796
550861347 269315052
252691054 246109252
866152287 263804582
115184835 525193898
246209706 508664294
145976337 871634109
73518880 210328260
602914544 184801933
978308622 888142262
332495589 971997971
114240708 884731113
445746150 621634813
696546165 215996869
963724388 856930560
928388713 792084992
50658957 97170844
665573889 341919479
890214703 775006551
710592584 577501263
524367221 497459755
831425792 243841725
188020634 833388423
527182820 182724886
576894747 989812303
480750226 906241849
562091520 560183319
944852028 939609090
33296645 65188295
94835855 345885780
88250665 20275338
864993501 338388219
813162428 403006168
978855471 741156952
625048220 570283833
671683883 202586161
299287644 239476789
586200863 378706577
576411911 698664652
156934688 504267935
220471771 918969958
701133453 474697943
147369604 761111142
380031647 269298092
981800389 166873210
233038473 300639495
355542746 753828512
652802658 3451752
717856136 853032912
634236501 614492315
611100378 854818495
497656827 335729385
200201979 298826180
505667836 323467415
890447752 365395705
334445792 428156536
702232661 395930213
249173144 513181421
88056894 136411904
690333134 603799592
753528384 575922083
611463288 426739168
256164471 605270731
421583326 178443712
190028535 363008592
602100971 41894718
104650248 617005908
700687466 456072524
687562929 593495824
765795213 170788
288335886 41350439
131303824 475194549
839889047 182995017
636023443 690966359
660641824 220169355
468444823 216589873
713116384 79203578
977666845 42699020
985787836 428846192
25123966 287747744
380582480 687366762
642676223 685058359
868305126 499211628
793256119 553631735
756965933 934764000
540897287 196547796
975059214 157161879
426511890 547818751
666128852 405503370
617975976 501507133
626399312 341852131
237148525 14792060
200016164 463897176
656004861 95362096
548703472 64768023
104172068 521476323
20373819 536434386
643870067 165437156
912435288 449517298
728119370 518027057
205598700 729870812
644900899 59940980
108544537 84090660
185164218 521361000
330194295 792775508
406797495 907067491
164827886 230746993
584011487 553001864
420037491 824314257
958375393 584970962
958742320 99611450
460859955 904744438
107450480 58464838
172991941 323200908
265564081 395469772
504570737 856942651
198995013 644773277
556750565 250743606
723081008 501114831
74953710 91103887
491441463 231581730
749101441 301994357
732730373 558562497
255292897 168514811
929458181 780676974
775162423 459949014
536555245 151832907
794969469 742774805
140362366 22359223
741247034 750550979
585467703 283590621
181405977 463141020
929526008 479655211
154214992 33387388
235218522 283053946
339760636 356914642
154986303 660987730
148275762 860352018
471753314 538666536
587076806 18957084
64775865 687981859
722934377 215011204
817357895 202991251
273106237 386291187
195093495 746416544
207844487 444698857
456049632 67008578
92454341 440087159
176495599 632706534
797457561 770253040
8479577 402815147
935592018 728737788
932041527 77808887
404523490 981433907
676009237 738108750
589985476 337606009
146504094 256294649
173533499 504679277
478249130 635176560
418245451 165994459
465864604 134612617
19190542 97995049
852879696 856658715
183987349 8099816
664294661 223826980
572004887 833409431
983820013 789954906
235781956 845135164
974915063 616136587
653223871 363534967
47136749 961371675
216839724 152012446
863523818 891214870
103342768 19400776
971793503 879066463
489008626 515175029
184008002 636707843
257639466 70141782
412057333 849384635
660856763 696451900
660849303 275901628
349843408 631390828
64269856 140602596
119819952 29414203
536854364 645429828
119612181 579893519
302984223 32607280
118550855 697336610
997180370 926676968
752109367 401994353
679818611 661453177
943281863 285733278
503208623 730949233
288240946 198317720
210633380 903100669
33166002 433394495
644806041 574082051
152086886 356483952
554554405 875097388
129615729 44633977
486458497 161000420
83141203 17896211
488816142 76908602
244472104 921908092
396912157 847614281
718025817 70093989
451255230 788184057
446727192 253893799
17290831 316375521
184973613 145862800
183197646 263745515
271963878 201674837
267303413 846058261
896657259 420864938
452822026 356500095
126660627 893047426
463928691 836097390
491195284 187279627
268643649 97775723
536564344 994033763
899793526 922317058
420250113 969906000
994510392 217244097
41886546 580127801
373985592 140125964
421953698 31857212
485777994 809621489
15077013 97086465
146451918 524047517
964888654 243200005
235112255 268905125
272828528 177967796
339883361 513623308
90763269 181788601
32927393 820748314
780470689 254083043
254104050 808755494
956394437 819403357
325000156 402352234
820450750 766613438
742020984 246323953
533774456 194231664
593879317 300808888
194250871 893233765
526602046 261300400
95466751 28138026
168533705 261662323
434873979 483274537
120091123 229902371
184413475 404540160
351063077 852016501
242988099 882111996
760350820 267208513
476781343 738552146
228149467 682109411
608248140 267307679
980027182 291239302
30135333 684600008
705204296 569898025
46366626 673093692
880886401 698956518
633598866 815948735
294146195 95534223
489186731 300760527
849176153 856149424
836870315 877831134
252178270 103213800
644006537 840901292
873138844 10492967
810857616 76044956
827796202 808552494
547201523 811469789
467648214 403699518
344223076 270283444
161031877 416868892
701237839 538324157
89448833 785877521
516232033 844673106
880162414 834319315
86288493 35664357
235027957 111215525
990240259 852511906
214430247 389961692
657046863 736263766
92750265 200581663
706258873 250354891
999967762 110587068
880869003 60254021
800088531 482790855
276096722 114654128
852296807 899632273
917488713 967783099
580328079 779476392
720500507 439481323
572425502 32305947
957763845 666278064
147187843 45063206
962090706 276686582
289498253 107252039
830240534 124473892
277268404 387848295
426979298 672750493
783476059 560429666
135405712 763511145
834651504 536565174
886686304 121636052
410536797 779684084
774040658 994948623
128178321 288714717
876656678 451950388
152415456 161380454
350886905 43544128
835509544 834324764
2811558 45073742
357253231 503031101
900399813 30965866
46970655 281976068
54693355 633664231
626633535 232256173
894214310 647280037
508057391 453356653
375870415 270811886
941089789 111032512
190833457 660720692
400862811 298648579
726333785 374968828
512228283 949981279
223948784 76706760
456629303 38644984
976452258 356030003
185208425 474897516
754086468 85280530
422678064 41216571
494696753 944015980
350792463 607083059
608868411 211837140
120729737 867844508
481394718 462431037
994973114 329441711
109987734 101234096
818354053 232935874
877956809 331408393
612193663 655405262
824463010 40873704
587667593 382920454
865887557 330811543
560044964 826963744
710424238 359023525
344158049 77325503
215055973 191323910
250337363 72441950
569569171 239682215
586509618 509975528
662900178 298784415
211435613 645536750
644816940 139332643
919760966 596417285
966951446 579224987
872059278 32808583
9595870 109119709
450934673 132525261
952668568 40892110
765474470 87058268
54148741 139425650
191837913 253320747
479932327 440282615
590632822 14847917
316843359 361272365
601655577 12752605
955153519 990550574
245915299 619182791
546261347 405789212
143045977 790613336
454728924 646132415
225681333 918438586
70855388 228723596
288263860 896997591
527708073 485780408
561903899 227276488
202251744 63241007
116732012 351512890
219472261 368123784
455064875 509287106
330373755 154423118
347360701 166195937
181604089 417784167
889755 57111942
235335731 453050362
79585611 637530657
119449092 271004680
99098847 929084202
260760520 745800718
485738415 555905639
166970554 522137414
175274192 402504925
544054487 951724417
340391566 802687054
229571302 355808262
47201057 508606290
227304828 414502901
564612912 653788778
180219840 797767681
977982615 869330972
336233551 540113352
20360616 487666955
42245301 435647389
936038340 523802208
625457521 223620564
159337060 847927834
37087029 82279939
155707328 685470018
853919211 438813066
959638889 955358966
691671148 354377445
830224662 689263811
221447508 411361730
222692331 949122061
653853962 129965580
730184729 51473491
62098993 300774499
562396353 608894115
643995513 819791187
670650357 581045269
859299377 260427925
963027447 378341399
693556402 384743887
837794824 842614751
746607855 950766233
901846358 556001893
358177470 482149272
413635543 976119080
158394213 225364657
471557017 566246299
569460494 887979800
969370341 608505310
677252104 950069537
488159639 724480272
85893429 966598678
934156591 227837841
651167321 441252282
450036437 177582219
10855791 585035459
59109045 436951091
562849486 103633126
526101166 558353378
700629509 533082723
195821045 105938622
207697520 308517109
631161958 632361103
5242298 30722895
55344800 389337062
685984674 892111542
574293540 749145885
530112663 749898398
653975408 240161717
32449968 110408815
545286345 135648049
591913471 152444042
392168022 991909431
904845613 136028481
49625371 759013229
779531496 950844664
667749243 539321279
97281324 899990946
758270900 270372138
525384086 96402173
261516031 464096721
617225278 248399958
110479313 790538910
729707584 608167605
729359222 771311147
214352497 661941598
596069134 985934086
837293192 49051504
331918556 481417701
157935868 672760305
487278121 739585521
258149407 834615542
978524539 158034165
636725075 762953546
42954329 242123559
538558002 490414949
373024958 65934173
864331934 501987304
118706291 787835961
504372479 80248555
670762370 905969346
315647761 452446817
931574634 219720126
320839658 768887641
922696495 756308897
83654043 587845614
805919220 962235255
305293530 153346150
337144744 274609708
37957736 979024817
391617032 259020942
876411540 946039540
585609277 744875136
956831872 670387292
542086092 114421604
265606124 348482062
373851350 923348587
175558899 834899047
889988946 259474049
240853302 210315865
615363240 360471575
667062669 691005208
674537258 330973614
295403913 258744170
599937964 734838480
890945730 234071292
165111163 409314612
83066350 89792825
161569241 406208591
420564398 496300431
716241397 6038187
888855093 681530383
685151220 391159231
285556882 536724083
219698913 84046628
89084441 491115020
244273421 574497754
399661608 592054599
141853024 141305426
178342964 480978729
331186588 858618980
476968895 483824275
114208572 291031330
970172033 614413511
978011435 153057343
311907273 527582343
921327888 184000586
638702406 205659916
478342160 245347960
274223841 127711047
617947061 792618688
836141183 895527546
272965645 317353357
520305857 713748416
940485486 359365241
297256397 417178727
814343219 36602764
108748760 12848450
346587205 677485025
640819343 508501796
474996530 429014566
646319035 300412981
427314231 791844098
12620139 156938012
978608380 267036528
587030438 956733030
110976349 996222340
450389074 488215578
442694526 913575601
19660843 736862310
397753229 637326284
10245193 938985901
133276424 585154439
927335088 697452247
464568584 960557438
178307659 103742212
865456552 766996834
231842214 854063317
279498726 250842396
541934521 69729984
117017806 747402377
106497367 30135244
251538160 268129644
357473763 986853350
360735650 284678116
239650423 384811328
71292381 734666899
505523095 566586316
673537790 45945684
500047964 210500774
368147074 981051905
390206827 183402966
195291284 306071656
363193105 584057243
130533932 945216263
917302104 139728943
168186796 569306913
882913160 46862096
453037471 65459108
581107058 442911202
741052906 716223846
172190553 697233106
269726507 251946415
34852939 76262235
112279799 286769139
990092227 219499920
520563394 304047845
356765306 296005361
531126864 191638920
833366460 196165870
51258544 793834423
110299801 203679416
916329597 529424696
435629294 679655845
76297590 66671202
543778570 153449746
972167220 208314328
300920065 46389106
991291636 719299879
185523226 123002352
512000882 167779239
438691890 541289780
341631851 699809971
194639532 750646194
632107056 936605907
431933407 215813116
80743000 449740186
885106257 385792269
251860144 457971221
147515764 919865678
950956033 789742295
851565642 28363719
782320195 85704875
657477367 950439446
359111444 789369272
9371259 839365383
170467426 285756466
405448976 67650370
671447955 178873638
778024514 996055893
956941953 773036135
102670192 518296915
581571056 628035044
154107945 867467495
752347540 871664931
702340988 725256749
119277021 324126001
425268644 509642040
526877142 65341407
371501115 288431511
893530512 161141710
915653753 597420860
115709276 383691762
600263736 641063591
291669265 980628284
930136327 545526196
238616353 313022824
150534530 495926305
166035314 51597231
157306421 829912749
803718725 281239391
173104482 273245732
751691034 100127291
939036407 610979884
324868005 517339086
523898726 251418514
903552350 111398137
463858976 876889618
743050840 878266957
39227441 601969273
557725313 461515255
821297332 10395948
611768853 520592612
829954161 24173834
343197911 367548789
11504120 737980040
388325485 747834324
730360276 82082924
779812827 737676292
877829830 640931896
757734153 820325917
13054468 150451628
292661480 315333669
977177882 269971149
995856282 770831591
252588608 144423644
123896481 241802946
62939390 884360727
372535152 222762590
308661994 529447351
946635113 401638238
167490910 907456394
476372421 390717530
371096286 199484271
654264744 578060995
141380334 213249998
101760805 2006304
928526503 387467279
295171807 310262848
46519831 102163407
937436824 309099008
966874307 206810948
508943559 243598484
822722816 29598213
474493481 767294650
827247647 825155055
324922477 24868365
690723858 74617328
832774921 835900856
95174515 103099479
65291738 912745919
337450193 912477028
494769133 288931148
758636628 701102255
496415566 168111291
51038125 981380981
367817811 155467415
604625123 104199157
393697096 300798383
579471061 104560468
480363219 994122429
31380389 243275441
28825685 453557022
567602129 689757421
978013985 584892244
254662155 48050161
870085398 674390776
547838850 36820052
116981788 929772317
308533594 550942833
905962195 969180392
306672510 395061734
44275530 993144462
166461557 638530505
86254248 716918509
631604521 460330922
845664279 209495557
215132311 941501377
592175557 402670602
747488219 736543035
588426460 187733880
496085616 285176960
876780880 849278565
36773515 928953334
908191310 210381956
854148314 75724847
779930843 156393333
365645509 655071314
38353938 260892541
810984746 260132009
824884816 855272860
725219213 725083434
581733710 310175535
737353461 779811921
463309511 778117315
14967801 347366145
444605211 756178400
844160748 13505408
503142265 498116211
35797454 22668566
53894051 798333742
884354796 325060531
687577401 812910265
252938674 93491
568308014 280835538
947197190 91722822
355398281 805748090
889163887 135873950
97379146 85702843
550446629 234127592
457935521 629420567
28482375 888934320
303009584 917067785
364867418 180956532
389961029 431615121
544175604 826496531
51178490 692341686
193521803 784479239
799494100 56771983
470790252 543535970
181308814 663180147
95651703 18412177
962505537 451174840
259973432 745302495
96554861 32783698
230011566 312466645
14528493 584369275
506943531 472938526
866084522 143979660
516447943 328585669
958385793 302777382
207581419 233483729
811749610 548489584
230969573 278535432
248168004 289224622
634952053 21060793
661310326 43635725
879378458 956728154
189901370 891769565
154630824 344372296
986780239 233888337
148187066 503632653
156973658 266370039
812289824 87878188
416462861 939549596
987190131 82726458
944665293 109918711
152525103 716355064
866757644 242982587
735871909 515233225
926514890 52914406
366511599 230764497
825548074 179449367
801002039 731869242
198774991 336191623
174972851 497685311
273040161 625762191
382291205 820872116
907456711 744737110
563628493 654973105
621132093 928631731
71041107 604674822
49228178 401293911
512341712 773639206
648938400 743731719
760975996 506853377
674626125 696956023
182218528 998363505
342159019 997477892
507602579 802052220
968400636 874985436
306664471 150835750
109769725 146310850
974190312 596053383
153341429 235739264
963003746 754766099
494694411 211669593
975963442 28901349
186975516 559891160
528557018 384382177
272694159 809422453
498404249 746423431
194297664 283695188
843236065 872370453
86677794 255640067
35961116 54024045
249639537 949943947
51428287 174817131
363651159 127083829
108908204 851298192
123621626 217319840
15072288 20790979
348086968 644759627
757240070 825560655
715517982 269321895
678382708 274085790
865030365 309996760
27390436 543550028
336741581 735545951
530598065 868993694
60188229 704799022
340983754 163969106
640101995 618216386
41344952 836520620
35899512 987574837
692215086 209527669
741968770 226691511
924852079 691410303
231029751 247676684
876555890 737404270
290324179 920562355
139388362 578128095
875585503 705694637
131055881 37179840
326409947 494895576
163332228 432506749
119722344 341920665
788640963 663682423
821945321 244138073
23378236 770834451
183507686 191517444
100265270 396241699
412686726 10769263
645258905 685809120
826480330 24261833
830402995 864526521
55560989 530795803
482054970 450923849
657507369 455668190
54466321 587561523
634894206 667946953
465746349 127389932
683199713 567316610
595249481 475066098
654538302 338792421
719690888 155423709
248632119 19258382
116656973 864844736
255592539 123198890
927224802 560260011
71790907 405479949
267097857 323925741
61052247 252783223
666632308 466799782
593241170 618757035
936347079 663281380
152682979 437677480
236162747 17490209
68091278 754445867
547742933 391380810
694394436 62989789
884400002 405045268
951123200 183875022
666435654 585319953
533934908 182723766
291404542 76843382
638649488 408115653
991940902 382073763
446019000 444783413
915215151 832547007
714642112 612687472
956920147 742292607
193246310 76922385
495505849 833445665
379964087 902537234
349590859 713301946
564732679 794123203
38803998 807230348
395520405 218069988
489792143 474903685
447130192 542658007
651285664 564765782
764768544 719290525
392532430 450024710
157810039 859396973
192870287 589158142
448380658 758479434
206782534 203014638
156378572 846450158
550781735 13151290
513321739 743655258
962581573 582002852
350997035 61374463
148311947 305792961
659779859 394420953
521588334 176727323
731374279 575315572
132369820 254476504
780189561 596297547
823548697 686893327
639133822 664481739
711282246 754658472
856601306 310979721
866772088 88079447
154541936 788248471
674722690 613364946
265221825 800666560
976835891 816659730
686545417 2539376
404106753 658521276
288587996 39159919
559294272 585886116
533157437 430801207
363374927 780280488
73043446 898796165
637843110 584081860
341849823 994684314
495202933 746909854
588077851 186054104
570007038 580763013
857185483 502543005
591190513 689282059
855210868 495193854
562934347 836715287
521460084 998788632
855774813 193289021
635780205 482136425
205676419 959920880
421250962 254496365
984780409 772976362
678515943 870709236
293290853 624017543
632804976 263176721
272766620 941143857
977518623 179889998
221393959 661746839
41012304 993396832
112275337 270580174
318834083 777672995
184213697 76793697
369862295 919596592
990619071 354823180
954329096 264687010
966868440 8704051
665105796 396630177
950688259 483518175
720196491 557740615
729950493 402165863
77838137 426626499
628882479 318918836
921832751 177158465
234366077 140265235
67588339 878764088
365726941 919674467
292480799 286993498
678907001 566096853
685219092 6017028
56645650 869787644
381091949 570462749
903874877 321244933
451477841 271970126
599470413 714325162
340939642 66782745
212078553 434200847
498155977 72524357
978675294 932437632
123500894 729519600
575775548 87361774
972901524 330321895
555753202 689097472
106765129 974906757
44323670 492582972
4773741 131668183
862372266 886549517
525159104 348770645
108986900 502738005
58153952 664413947
416116893 86917587
766195133 343975343
143451791 541816943
435780985 935154168
833592096 622343090
352318661 199573343
496280666 822020697
192072793 707135697
539968592 654088209
131882880 613633577
84213683 513348730
465262202 113951332
921191349 201104778
43454222 251855331
516014681 287202252
753016426 807624734
633551684 889973388
171516772 362485711
456794630 91135510
534377670 478483665
411125510 247099069
71789158 583014496
777183856 168530456
140122532 687049410
631121285 434330466
124383152 188303822
442358908 469203465
941696114 279183808
891646052 472301256
707997137 930106777
653204745 430935363
674978186 556691836
457073626 547564928
18309004 187133476
340477036 802542427
656179385 801114812
433288772 555859389
791594295 782653748
107953022 946614732
381432566 37139353
668957649 507888914
853383541 192834044
54820372 216567600
196915224 747675254
397692612 798026192
930670267 226625551
598652893 661098343
388702442 210360350
689969209 48922925
225603603 606176637
794751041 697662472
384218328 290889876
291015552 924868377
802121839 830500311
137026812 959354073
291130898 53518345
70575376 541252864
717254628 119083635
117178100 175397217
879663786 546467573
88991806 603820182
658354486 70380063
240731565 259480970
953174716 719062061
500255520 941133400
734180805 2981346
442573919 62870266
516880768 64181009
67942005 280317452
279842809 212623848
222092217 658778996
285709580 610627863
917023579 244564868
599505341 362058158
681508298 593379022
522682506 40092048
723420982 371282768
275804358 991235123
981207701 576984441
494978177 911621401
688033350 112064045
149806375 931289600
868421887 334518758
735614507 455815864
205472016 891527231
27207891 41373949
53259764 750198932
664538187 465668631
282234577 669135885
380098610 2596636
383682220 359676808
231923783 36837769
488531848 199433236
235213168 46188536
947762583 538861666
491056094 53135398
527697450 508334746
446775802 741792860
280689944 49775796
577950936 906367509
430706993 740097466
445607509 152616044
271132268 272777537
667696283 180145097
119789063 270349101
642862705 71779234
168526746 706430986
711038865 872813395
472902320 365219530
341460971 52278421
465286328 274997495
47473944 190405477
300073136 221122656
968590932 556952116
677288073 169952004
508218658 825145686
102606191 409453002
715656454 225511399
270090963 929684859
816441872 703037071
717632265 555753951
818873028 541710340
558863300 916699714
179207689 5815992
540286389 811723312
118683472 509965027
609437241 248361800
229626459 460013895
937729150 475782225
170512494 460836174
333896319 587524479
826685544 474881323
19761167 404278655
720590009 901182081
399547353 790373219
397775219 166402550
836895404 766214481
68632135 98894059
386533296 186227892
75360314 844464424
272835909 86400738
481173132 562863921
921770387 878380916
627802751 94619940
235436471 866626573
661571055 873818400
556999904 630999416
382843636 638197583
864291591 801701828
153734012 685444412
1666259 499127917
965849198 139018427
105612290 587200597
912288470 799325658
772109308 450850501
603417418 312576327
780466939 296495863
523604436 581611686
514347340 810146039
357040706 723602127
532556983 186111856
25014088 39654982
211064684 898828338
913166096 405296787
259372268 222782130
357498668 928481108
468868392 811224638
979517342 492266723
323414044 903510776
996181067 505107825
518044423 602914396
301558888 547884763
118024805 531487104
345312537 623471813
724621244 308845363
971463769 143143336
4172739 932421878
650921415 97213127
327739328 256756721
326464119 679207657
165041607 350973124
182815921 35872154
815197268 649116193
79237341 821617152
2593081 892265550
374256419 407016645
575092483 21795740
985070733 174955198
832822690 914834009
458511501 68181807
405084057 579259097
547615036 93141676
780761304 390153870
206653688 135261786
573035502 906958592
184933822 72009106
187545683 869596545
919094882 631223973
307721585 24937673
752129503 421205825
922764831 919944213
503928946 349811270
605887694 918781253
471771746 176140552
500771636 813584668
479109844 496266518
661663989 45724479
482706201 695864112
876653279 35054143
527762046 591348224
222841787 883031126
52478250 842240681
122520916 63193131
182939068 827287929
303666480 361720001
973376488 18197696
892902745 604670637
710672516 594748323
356174055 87095723
20229069 324971523
718549447 225996990
386005634 794632093
436433836 532913881
239453841 110943130
862332708 838525335
877435306 786695963
859878015 798963287
981972764 911777166
128392713 15859517
936411773 362475957
263363605 297503178
851683284 100824778
341010320 510725803
900103135 349492245
22758181 239271844
41057157 590910664
573273428 190787290
821183454 227714138
163481205 703575504
254455138 259872407
960762299 762668938
82410402 542216688
243568803 940821049
287337027 157638909
994914045 263953165
756129534 716313828
38313558 475558795
111094526 775141095
346379520 773624414
281451819 145205072
807017913 567119718
251559697 69370185
85068605 139363414
276764379 725932126
377348489 686790792
239669657 3386260
341427141 943828264
544020525 467369717
718778892 978789242
952558638 818911965
856416139 211948476
829606031 269713918
774578808 619966533
603463439 391675359
706282671 201777063
941020121 545261099
881992172 998828081
86177807 933297514
253593194 910214144
719245345 305846044
247943376 13871554
850629148 499294336
128479062 142201873
771656823 733247046
229129797 503900402
363747077 227480052
171625321 668809878
660655344 970269978
724441602 956944662
305278856 877195550
915808260 740093273
14993800 946126450
751059375 766014884
365447768 841415948
315201728 852701293
525121517 143815789
95034140 629128698
563763306 700840149
415287838 583886462
64068221 576997482
86554362 556695506
774802931 356159356
489250526 341977646
606156485 76860343
272174091 652008186
208195544 578107383
31883063 287541827
853086888 519683543
111454045 989789072
889172171 300984442
793068848 375864341
272606577 525335355
555248562 281131268
124990630 395897767
290340113 870509540
503856906 348104074
978025052 751255921
242610163 637597658
267937175 192774183
200830924 396460339
126178214 711551172
568317856 102587814
896522704 101458969
191557040 985954592
964077742 252551829
726748312 789392193
131034701 584237547
18374259 613095302
120463528 36439186
733476436 620149423
213173658 543994816
619836209 928503704
145143161 495589695
325668424 519288693
1934746 851524298
918395794 986973599
253584136 89335308
843331193 165144058
792971442 147107393
642763122 869062059
553181368 460009259
88923092 792289740
165011615 842744049
132244819 144407220
192279539 852139810
921444455 826845014
722866673 334274849
710720835 183869265
83193272 816274647
289397479 566360797
449067842 332549781
777257739 458994959
104378546 380100969
729667267 488523718
21852910 325199727
901204196 130234625
488076180 762904591
394124597 926917332
454759957 626863701
286345397 850913815
333246561 235405239
230006609 540466600
283250918 769258307
639514092 504368092
228149502 979825663
266182296 651206326
174831265 412378963
733784289 61505573
642518380 157138629
843047893 176841689
164502227 528967817
385660275 483303924
826746628 275637459
388441055 455990006
979262608 173347570
848998645 88422283
229573346 351564206
451993266 422503593
250063632 149955067
736788653 311937782
232331289 565748357
907759265 402659404
954489392 99227144
811708515 258079655
852124053 337880482
859908979 334543175
30477263 976099080
604034982 571223406
95630935 964475571
55040437 30360221
41046847 901198389
386060362 806449731
976303385 307551178
501993196 390839175
615902116 461688317
551386367 571309015
903427344 668409342
982085736 953126033
347942153 96895687
294852025 454882641
115428959 994980257
694052566 89211768
724714962 7667583
219050830 92983735
479577521 537474044
311458274 107764803
34880498 350354625
533279584 729492322
715276190 503475666
817778910 525057261
500241334 84947985
939266241 283695733
291883184 720208141
174047908 591167888
272163803 533442504
621003867 781849621
87683882 532712292
938877119 270867297
846706420 930483463
856735552 574910736
243155097 101583065
316820947 880556481
741165971 797112926
667929309 208802706
663351273 294522593
588833799 176329773
901801707 564905674
383179220 470648633
702602202 230350304
794633224 948486948
356198672 574731182
639528813 30435469
881010135 726030831
576306360 731620714
75371337 125666650
601588115 185710430
482102022 515472018
759454790 209287771
232486527 45318798
221391726 471516979
401433623 798028333
938584594 809455396
83978283 920766075
318206567 685336951
241172588 2960142
390259208 845719831
306514417 180717678
165430714 568127439
826546187 783310802
65863170 264440087
97167024 295018392
541056106 905374713
670089365 913116794
318710461 493156479
63394639 280988561
456235929 668108155
415339809 702215481
829105381 895275128
603924764 586207936
995526917 403187047
687290772 407261767
255613777 248056426
965471076 977746279
890464115 732379199
871503615 914741161
130260813 46872192
618839501 834769203
337471838 104980566
220644753 29872322
886384643 530437401
579939975 925404633
436875924 751110648
582141902 763804495
35232770 688569470
713095922 11086104
699076840 184937890
451396345 754179558
7189173 411418040
106015841 270787971
475550749 234163146
18714444 919252278
492051974 967629521
938061337 513165786
895519382 300639102
486396445 214694837
619320549 467445031
30263370 652898349
944695055 693727716
32501412 385662428
877006418 740054001
60915442 169466302
190880645 953603997
633563739 832078670
58845653 662394361
565847737 360126076
462072757 103656809
988414458 679635030
199120711 349877281
595840676 291829796
41475036 280104181
643002743 902970471
697188487 272242351
284308812 189962464
566820575 769818187
212016746 346131436
914989114 956588488
534179648 432648576
744153692 572951258
422167242 217814200
483965622 534779514
102069521 360978514
268596352 299630847
113437852 156518557
172751721 822048665
926301978 342473651
622357577 979345640
129915160 498766400
533896167 942908407
820049587 346317091
587420512 245276778
70544948 604368840
906949385 452864830
581923648 259389884
780846610 246544546
109683236 925629165
439790264 581077263
20598379 699449157
429061874 352205190
612042292 774482705
256587109 266819953
517067665 389574388
439886747 788043923
280887789 368325632
603492425 746157310
98117474 902331793
85045960 622097639
652096231 685380486
795290396 784450972
562228655 720727868
734601912 457974972
371606663 827936144
510359897 887314501
186898648 619982441
756243260 184100229
450604606 104455178
299113002 977656768
477796543 274285301
982233021 881819402
390824696 184357593
663505360 468876013
907525398 360206651
966184837 866703822
992137409 897715612
458544269 617923654
789991354 518427813
426154788 816995938
2886527 363985397
53829466 394592233
303051798 822998731
4572154 76742876
137555780 539592387
204418565 52721630
435714745 589839759
228185428 41855391
827938258 905217073
424516872 671194687
46626444 274389112
226362157 618679508
915462874 388083731
846091616 911170908
118179999 336999842
268223403 840850198
363979699 742383537
194124386 812351355
393401822 104532220
830026208 231859810
789249793 79370918
428104615 702637438
104305885 314591175
62122631 258765570
165335109 417679493
203388147 366783750
417532227 923116919
24645489 885314062
730028086 3304469
736564628 249635858
71265388 33214696
637854677 95628542
947785259 797867121
575292829 217977382
259318743 808700947
479840077 176525023
394150991 722224875
11002441 997373103
919981041 864535468
250998056 277800356
122068571 756094860
892708270 632465377
466978501 539049000
644821712 267909599
91171264 378536508
899934323 610244765
965480234 742331439
814526589 555884473
650473423 749956418
30006152 584212288
267055803 771106320
959211305 606522643
534872144 544645057
281499883 493287890
642538851 79349910
920970508 754010637
580439112 519570210
820363811 882324649
734881186 473929053
742360471 293280702
10113748 118260708
217475406 214664168
419470358 431799298
431992286 261339536
154281843 641802846
306474502 894370262
242545535 369161875
279462467 15277623
104796102 600150622
225056811 225032622
312394583 227861963
34350263 836888705
608483336 326994626
927028803 66633028
29909183 249725835
24788951 664131237
930586448 24713757
705628061 375354713
693426362 435539277
824912169 203278955
449829505 665335820
218185242 771596788
369070373 559465850
28972350 827960182
149624047 524418476
781243148 413085377
304767285 953451733
269728895 905309353
105949986 371041269
284495405 270522301
621278236 111444167
778590596 512598268
484825206 727945098
863532345 321139335
638346286 269291083
570642474 440947102
239548759 864331753
152505405 947343857
384302381 593455638
913460918 518804252
317875558 326146461
681439455 707563811
457573220 385205594
74569502 14923094
831902480 821478739
184251430 56912425
107935960 929695572
109006735 41807933
681121480 737156803
660331899 1245232
762946758 373987500
631788694 198122086
303079691 241158980
341868121 995361247
67915762 432224126
512821733 4196696
47803729 15064497
253862103 144273106
643471935 145854613
219673704 251992824
742356579 701735677
830721774 906557068
499451170 895185657
265759157 821240498
999484269 409599305
132968057 635533766
150419213 992926046
114450706 70847692
238888646 41841567
529251582 138484734
658030594 812727232
78410156 172760024
611335009 730557328
156683215 835248642
678130172 509645834
289855687 112023233
860902148 499368291
80479347 580957803
819850913 702433377
386578974 140821181
148201290 249582806
124738902 495284192
238436777 518796876
67866826 568168289
832284460 195273821
286707931 860396664
708931487 621764975
527017549 168837440
43214075 623241678
369527770 391639955
817575074 293158296
898499672 892266618
283036954 103707109
867627446 164105016
468241250 135155953
66293913 951058310
125115768 843756658
587468213 552088556
378958007 62842209
3181812 414517400
958475614 801397352
864160777 261573811
608683675 925885001
67879231 936865064
141529469 545142528
968543712 76718365
714890531 292797468
135080601 4262475
569655040 707572154
292110269 140294419
799442605 29071071
517637271 9593087
868479256 39030740
17023895 838515864
565545907 985724359
692144216 434039106
936578265 872274433
462473821 33823532
320551713 48356756
661768226 705536233
369644576 990449643
495503657 118941938
109388898 566077483
451776242 115692544
996011417 471856966
210966652 906372850
530190369 844812299
507651041 354483504
186765839 30934940
127498639 727802327
8052738 866662933
952503359 147270402
653439998 857017508
622143240 325672641
729004880 236994754
162342854 427423888
832019151 261555122
235239388 214470457
658694869 664683524
191984831 279055015
54049123 91029477
306218331 991613956
80639466 741523930
600416553 37020122
36303835 121703182
902010022 841056252
348658520 735050708
228463027 636490475
793999524 663042071
221446549 225896622
286354396 781291352
227932974 1123588
941349176 671088661
929698084 122897008
304186285 547949332
712470039 224869951
179832842 474173532
962110955 882265273
597033013 152376454
482593894 760620796
137530126 955206451
311061741 364913176
215136772 598629006
33210519 890753769
103943933 215751938
520367677 292905820
436304906 995812123
523356940 214336649
178150601 254351879
302630162 174560866
357885436 99218468
603857483 491510889
937815249 664884873
948437568 138716410
855690349 450014178
497061707 727586462
507152124 539443276
939593276 181634096
611486019 468827613
982406239 675618040
142451651 663752728
850153656 236131773
812837408 998216532
917640741 830499296
201108211 969705460
67952754 495057774
672233609 295979794
224730860 466078365
522522713 155207863
391736246 549705669
552689986 537583296
805831215 399008420
231990070 477703606
165751431 921713676
165920107 289958720
298390257 776988611
392540454 279793686
192486478 509861588
218637105 801242668
12101741 397488593
283619302 15194057
266116981 794128252
96788327 135643420
239986454 727423890
251465739 433289781
663108196 528405110
725583780 531592280
581283572 578315193
891218834 827564491
122551027 331807355
923317178 972134062
819153628 199374935
514820394 499714897
173357807 888107958
275891302 618526620
970325599 538320575
211470749 4914394
81505602 986261728
3329808 143783568
688883782 898352251
723457419 110092501
532507970 881070587
206043085 797752967
481682779 234029494
159468656 673314972
670284456 299621471
37647463 653071544
106385992 75773815
672880998 89771023
292296143 296268343
552540815 985909624
815541850 683431025
572961808 12090392
880070850 132861321
595238318 418479898
602105409 991941012
282589870 51581770
868122820 519855008
297382771 677845231
464817806 184665977
836818282 682322664
96473508 240094445
278765109 118575020
798186853 669863949
337232741 605356936
990294092 329502434
671541092 311241840
417983230 246870048
261953722 680690449
794946848 81114613
587967878 246003675
449939051 444285613
542310333 283253406
448629609 619515684
180003791 615912427
315639327 365469361
751786420 366698166
115428333 334668467
193728201 8851626
381122201 189921828
918084373 534067763
749011852 470349845
77290975 669150496
611019061 241291657
562701583 783620746
214927134 829406597
690693517 685060041
183281808 793963496
320303262 579565017
152560842 657339639
38130331 33980650
28070272 74018289
965950171 265809157
999367420 10513446
806367659 52426570
758152554 344999974
160886126 374808261
161359335 377230844
502130062 804482071
253269138 567624365
170740400 699362166
659593954 757993394
658304573 852420380
182604377 525177162
922690370 962616606
286102928 166698212
743289341 53865082
651843376 360208572
605139130 497774706
769816442 718397035
440188045 627982457
401116659 110407577
762756809 715700495
490870517 87591818
35350397 759816665
89359688 618321224
688840070 761981688
39677326 482719814
405604252 929705866
180666379 587430035
208374526 289546177
22227263 48121245
220904244 449714027
186516314 562450690
294490518 759616511
626218566 451144905
136170441 192029562
670785178 348110862
695387622 573130296
889674320 967515233
114770926 15363148
728311210 884148011
543793902 84780870
755394186 301964515
664798591 167237054
335341828 549210825
923802640 626265249
239746157 433116106
793376481 742883242
698940034 5995480
356046456 767855297
515587582 512638400
222400235 69326700
439040407 33594590
770367255 576117684
562557472 832854347
113158339 630202824
487056944 164523855
461402182 211313858
881717270 266368449
267625783 209170099
115990064 642672729
623515686 482409743
672476738 992591718
621936722 149590336
570026911 683169006
244728517 637716966
432831942 132593630
3307811 189783107
746546189 344234125
539171418 484109555
500433238 105513358
415537744 824267938
523934368 90044182
20304937 6017652
598562061 324315455
328412230 281455446
174810133 78180576
237906311 744922271
215361094 340563039
259123992 421321417
547774278 515215236
553780566 376544877
507732315 166671912
94048908 297314238
808699788 333143229
329631993 961494450
716614045 510809641
112778951 921722551
14583673 976385435
357587873 409011873
406163560 22752739
658011079 49263786
391713302 499078969
634324693 810589649
246924453 443855521
596832136 412697338
944752272 6106823
256724595 123916149
512232643 141279826
189488783 820963347
723346110 894541309
74756939 77268509
981882941 548091416
27333017 881962678
21266804 721487191
59064551 2938463
27472608 359167522
283089302 454110376
52140174 215692799
866374948 849937010
66449054 147716005
610218548 162924360
765869086 14557121
602873571 340308232
57021150 945372175
268460047 817355376
895455573 201309623
363458604 860253445
311567941 983042375
702432328 70129575
206958817 857079145
817188640 75498105
25269417 72524185
979492395 705601469
170554645 354033213
310185983 648684771
186644408 651333419
878954123 456627582
645646863 60518389
715074866 236324317
230264905 725494953
514891914 953851680
367888103 933272317
700696322 98493098
984651695 900285261
591928393 989963717
388112849 657292574
210867465 217313620
430455953 445933931
311756246 600486715
472030221 263832349
47037266 5648899
537810387 630502149
742764460 391097686
901535991 893007612
629980504 591302816
851440758 968454502
471483134 874550735
15362867 71298801
626082960 651652369
526993490 481962423
124247013 801822602
242770071 984258177
66886214 158163646
131617000 108538728
32094463 329553521
375601705 670944935
669470010 802986871
289680165 299113188
634160804 762972565
254051371 470846692
226178275 173466409
355867371 393758279
76325046 426940638
441047574 305385212
873788579 65745688
976194667 651283538
476219031 877526241
72948040 811004004
262086383 783177975
825676386 252717326
124324018 914394967
13007716 170250767
376123259 736574960
116003821 47224295
120601081 327190427
728110599 244895250
99885805 903109557
353898829 71771841
493263055 134578206
320392907 505538114
235065401 900767290
124333128 22632016
663073635 165082391
872050016 166433445
490237996 472167097
264931579 935031484
149289883 963604661
185793041 488805951
773823488 859972574
647870226 947765988
743313416 87671287
330442984 700333
476741607 312944249
773016937 923649153
198832814 718694787
414721517 897049365
768911033 280345109
647796912 723619302
11426308 292314846
955378882 916512871
544150222 399375554
312728006 891736354
117910820 294909591
444043914 769347245
300071917 243335919
199580993 768708593
103046436 177747623
718865632 692092991
804861175 686704675
206760971 26700614
284351835 172319759
478507481 16693826
11316733 176775400
916663413 846333311
700821272 9817159
130083481 99940478
12610282 400526870
783670173 392668917
534451217 129462193
834919031 359681496
70746353 786096977
127092506 871494911
315322888 586818913
391829719 716858518
957977664 334534540
500640764 10053190
277803592 390909577
170519870 35920469
657502105 284295779
498636172 47826726
130221396 20608702
776725621 22941665
119389069 550832156
387130240 430752340
911189068 945657503
769165156 82665159
908649471 146602934
554912194 316282127
966539511 6384182
729508356 119824315
511602843 639111271
517658613 653116086
859050061 432500317
694237900 271015522
956583544 462394182
945999164 506945367
475318579 512237014
338087558 649084235
74391678 221895946
586019811 983967708
494039557 223313598
752239579 126310481
14563905 885646211
293657299 432151958
197195049 294376633
586132771 257136740
176313038 428522526
948224881 331906707
968464006 76246832
67794915 820129896
942473067 335752614
907218667 504569364
596052676 842742916
237724995 846996226
437072821 880065657
262214249 229963709
553723674 440833846
722628338 297515219
123786475 505663128
508144844 537347869
996686086 918133709
904182857 908196540
244952606 120432870
514164329 436289311
271989406 628179525
450908922 850949106
798381256 624911654
297016072 213606355
596574646 785364314
42269942 796537696
167509312 188537764
291989600 84915809
629646416 17887413
170390198 816504480
14738072 307718298
216028009 166977282
309243538 276026274
570425975 111917132
348590579 615514036
475318735 467659504
929356808 390249519
806100068 644144421
178917498 980064296
610587439 592375233
588533337 279369959
760851714 427618260
907762163 764417213
513905900 431790042
214628783 369854458
169917447 534419227
372259188 852150253
337601453 659678266
583853450 991817367
600428236 647465039
262289358 178648857
911102607 279017821
934854063 728508444
706411321 680112160
534792477 103459192
882962788 874983075
868767231 753296311
435626688 704406233
540631865 803053034
526534072 137801838
506727267 885769496
389489972 117687318
35202021 330629220
272501886 346793084
852798368 30428787
538287494 731053378
418287687 214057058
451409976 974617703
562193454 393920383
254938359 197293629
338604196 384451832
732235030 726801427
284007131 395352290
125304611 133687911
356415097 616677937
212729941 175547252
572458745 136720211
15229752 517735866
892431061 540596001
891184083 766636586
234195025 586563907
601156763 632846204
69855887 585159562
969132235 98675931
75016286 853039046
30331580 836682157
473715176 352116002
397117958 299198654
366874842 401781650
640008418 500826376
152009207 690024090
283876133 5973092
514125615 513224853
860184236 918890754
101796028 415232753
680367472 362048324
313133280 1577682
15665572 976936473
537601137 507211269
3616532 303817918
410700708 964854845
191467088 547278162
400645877 360766713
770280501 905618974
693618419 685713520
122423302 11610734
134232137 610323640
588345886 738237024
914435027 119368830
895741278 761122039
363425178 842031339
348163732 270228757
985702967 274801148
857855348 576454670
580254469 360660363
690719281 431929948
213691884 311444464
287312638 287286171
391914161 100128925
740387201 591358950
570022447 802934372
99056801 106845743
91349622 741812273
398851682 286244748
638669375 53250420
753378309 263824061
302897731 810510059
4639669 509759847
505208229 32296959
953038759 541509195
170684037 819896189
870690919 832595834
499117390 43655172
17086263 271020025
773103576 110531153
232724627 726259510
208726884 880764861
12582743 307508379
250973281 303457680
174704383 816662316
703847726 228731996
842253042 202140153
252118421 55768505
440148706 212996245
181292117 981727915
138057281 611108806
584672032 346719198
976435758 418609781
67057850 18060124
700186465 647302339
84656451 36357302
749051282 697372463
703766231 55570217
388360155 496915919
622862048 489728415
537142170 687542954
815723125 25936486
336410978 752263061
844826269 954124760
13329038 511344605
887862419 176739915
937671915 6338594
841564495 170187107
35722627 284461654
57418395 141702017
835805686 720085752
581929388 37979295
133439552 661825209
488896910 991287036
148740886 892875625
750277835 422832310
693103857 317346284
96526232 796149899
524079646 583438001
693399767 721579090
454149383 256204142
408816640 735332487
754943127 306479751
961600100 989810940
683114657 395427940
877177263 706493848
174481901 559201290
805131115 114661174
935102409 516595635
450869827 216945229
767023913 421966842
49915222 125543476
555744619 339954455
139220571 918879130
52654853 377740857
667923350 928177608
82991691 602489264
229091133 71117732
751849788 245123741
493813844 457117518
63541314 955419894
351424034 725478091
891852167 664121510
580372007 147792047
395885048 351704448
928085980 698910383
629330547 465788986
900686304 577236571
246377797 258036582
192431961 37360110
790475086 870434853
106693597 5690275
680740088 310906934
519419456 249211407
628808367 66547286
243546644 714164498
509212194 761802662
504616132 923760644
883262619 132339001
517978581 832658578
455016964 70895370
44385052 21783267
399169906 326301479
592972657 42489189
68335901 439253244
95709460 302206850
9776028 185675652
842852172 984892240
846773095 455032366
227661215 194272198
969367972 403248744
137936547 356504846
618469589 458911758
975852379 393090336
414964424 424669908
494819661 746361330
334234397 848067684
859193826 707117900
419686902 445132876
165841028 873717212
485354130 17655268
631799478 155423654
204920494 210733499
738115081 902826888
423606582 544113398
53867053 677817756
627242885 732859583
996959675 507076661
276909495 828125274
104409592 987632359
535276645 165004020
260352385 26689836
857359356 253363318
207181820 72553330
670844229 739297368
869998765 785174933
435460114 678157189
828642400 333883131
973194872 938970226
475771095 203792895
934713900 508466483
32829714 411390488
150900022 64563013
904929227 211301054
780908758 926954524
665316413 574230364
697073882 10892760
999178095 354795116
31753622 932456359
911997348 185695367
780458282 393941137
902194968 6134963
992490798 561411489
601009525 622332857
962120567 741675629
208868571 483230371
510687134 731761052
642172004 792760341
900534772 582848556
608987931 177852829
593033999 493216321
476596057 483755882
413275074 13169292
761240676 440194652
889795799 820262202
102014705 597307446
585627101 236653534
280295336 621355601
944866919 251053997
962433382 343207819
103749250 564482001
436863491 683219100
167933962 292080957
880237847 598238163
162622927 752439338
840577932 162154643
429450134 668702421
544627456 515737075
455494835 340527862
791123355 260988511
858499499 739644546
690728222 814070112
555737444 699018647
695203204 141339258
321631469 332614230
911591296 234430959
291502894 295224120
132289954 609415154
898872771 162509313
893513145 316598066
48588618 531480659
78348989 56425453
265568832 84145928
230748461 870782990
74725624 775731632
716575015 428044166
63424175 377210098
701346521 884909625
456316969 492318724
606229409 311480050
470217399 986948515
13954839 214851913
26549072 783153269
454902650 767903316
812702349 871520464
302661420 585136074
566579386 41362460
761291031 571769153
357314836 487401305
681428316 308426174
880430060 886545545
760945017 897980255
231197497 114747113
45705123 820754857
75332568 773760592
989303992 170524621
704153007 463517243
247515844 781876080
980905041 163525530
297925343 899268389
156826387 842457272
326822514 992148738
212140715 97401012
54521348 181901625
57699367 825450474
310763469 115824467
256426071 55345504
940970717 758648406
526730118 86403450
317100512 52100830
602590933 471040485
509121895 323323483
226978260 820012529
576288456 200015713
428510299 232408414
635958991 670930751
161831918 146775474
487359465 624827886
759447857 84577267
969881291 876185372
34718457 863903386
991428243 397869577
296246055 582093355
492548781 163774076
562228524 33798565
228326297 169600022
664572449 598585354
267083078 690390834
911883783 887937908
857422422 324899731
23387620 419544635
484873137 957167261
339998553 348350200
140502323 451771984
494409654 188457734
275398280 162261725
70018566 211148432
101541091 338691687
764279437 965206208
592596209 137292522
218366314 127321835
341589597 672153276
549533795 544544953
285004611 703120582
653300187 223219010
171505273 479117042
330723927 588807625
282540221 308758391
646217979 695153611
846761076 520868861
401895676 433115593
404371523 740602435
228559124 169586514
165985196 838071576
275900257 562120472
575283935 220005999
672609335 738808364
817272615 565656011
42053925 86449661
996533306 318090649
554018827 120090416
773225422 638165784
30504601 386226419
178434773 474227447
79154985 10195408
68109238 770592121
936389088 313920840
156390935 224980241
464943767 45526163
223018940 585781016
438628636 758194034
687346577 454991751
200367540 672853640
473929582 410155922
29063805 41974160
832874099 680285690
65860625 209260188
741301578 340588820
332133176 153823364
940605836 935836917
584461459 309355649
91269026 672137421
79180322 500237048
441552017 171241104
124719357 233674279
376589962 247895765
942464661 139426655
616622640 540877155
688446909 688063718
447553730 74881967
372700763 443214372
260414431 573475439
572351212 837600472
741563580 206939950
644264197 264782553
759630325 264045852
206879308 980614160
721006483 274092857
171654967 387019877
280062574 467833431
218075065 929322209
461494318 171624298
638528610 535375059
534357375 120565974
677958723 36865540
63298406 736786952
804092697 156956044
146693355 643648886
358677701 668556973
395182746 725831536
72812817 750762228
131310287 553259253
645915580 721974552
935397832 377452877
143060125 808093891
18369314 182628327
754744080 51945303
664972744 806641065
381995034 252399386
540865496 209657781
652914995 692239142
945045629 329779542
941653002 591589917
629379649 392680875
424575057 294802057
708213060 48912073
225080378 821048114
539281497 843186141
837648800 55285673
508984480 756525137
320438169 5700189
671676507 267107566
967363147 637072205
205614014 248195694
841556634 272765979
917845634 331773641
950301352 656854702
332204677 243406560
332192691 414728041
753089317 777062378
979816698 643286159
802506467 376027619
953876574 679250724
879827965 229481047
855110264 598641062
804038269 110933451
190985784 186222496
673569122 578160967
3157197 626289113
203712318 44273531
397150802 278197520
399475620 934463121
154014086 227368080
470304921 206654857
969762119 85984150
917825761 759422975
988856398 539749457
235264679 982532110
879217324 844255214
408787118 777468416
777812225 220804784
999918719 46318080
326729147 164626315
451000317 89148769
660831160 53539537
319099247 695021089
7833640 765115815
717143822 189087027
590881838 551036233
590445059 467730894
618404469 481563783
264303511 950541295
633053214 609315337
850760101 773603397
891373594 84952005
896248039 965234609
694405917 278551329
3336183 216699600
286876650 473191461
184739455 700951274
420668534 385287612
361271488 189236717
655425428 181076327
442973240 100176804
991970355 861326292
310735219 349368520
946864881 775649914
263570328 802760078
69514832 869058182
687617661 715354465
875720545 830744579
264148999 590864382
854574772 371822714
623848534 541030957
699725227 299406728
355085992 76058387
828103803 938054424
805887220 974223622
425355125 132015751
227068383 265393964
526683167 390114142
935107686 957450425
257957345 912515393
899043031 819567830
423258544 578421542
687271568 108478311
880844962 486616289
471278931 532532836
858311115 628250349
383534114 79280540
750024293 743872569
899437676 30963267
156571033 359382712
220301247 19220065
840587734 18541460
774604446 479349000
885687987 445512047
668716958 623062552
282006363 148371236
209819750 369700171
582956797 384067285
391717009 839197803
114377385 894489222
202246072 66725124
83097739 748428607
545327282 648209925
493255730 303170166
68679710 74539447
156959858 16475638
163707073 642640386
817548082 938369066
866316939 215996484
952602310 419514230
274274027 435600280
121607323 439626022
92976915 890194545
659225930 971728407
10391781 631781461
462717149 104244394
102841901 743130232
545549446 564430684
495543218 711022976
778453930 565107656
30826133 279543035
911361401 706945745
766169576 958694591
351966389 272420327
709960411 291949193
505480795 668804163
148423659 136257837
742474173 98073371
590571824 503592954
90055554 987077618
646357546 424498335
390905100 739623133
786365850 755342634
319733577 531950509
447414333 684736111
455063158 142224468
580705552 443919677
183870177 780187128
19604183 570516380
34946737 681617021
112784452 152936017
379086174 489137271
151928339 881758175
60041511 104943844
968341097 102225156
93401475 134734822
380175320 767261991
503546406 588566167
419932291 911698562
3968202 919992262
211391297 170841972
792092264 395727456
776215644 927229882
974363996 778985741
804814181 817540772
590418997 548404236
585953596 521881643
682552806 589198610
921417118 713833667
143033292 505322248
151002578 37695020
867843313 190172281
55836227 494781761
625880013 655541830
153157573 297338446
748117765 685937297
163700793 103387072
842771765 910753039
969886974 841781128
239895189 671456755
86293021 657639041
689138696 460448972
114245171 344985442
34027774 520161316
807486761 759183146
867693859 295567984
354615756 233034013
114352145 734966044
173105585 94397884
769683661 972177420
571561725 662731579
262331284 25447700
738063952 465548153
777984861 223434896
437641074 926035436
711000036 380217682
759897740 468438739
953525805 64968488
576236809 114191377
907068002 757282126
292370960 712202708
326335841 892322144
613710 728990105
163428900 846158869
538440186 604659421
587767027 668477424
94704952 679246582
947064982 824015293
193388259 485825790
186202036 59469990
20627556 904588751
676719140 894961938
970393136 509420042
304845738 768380222
959516350 975805159
419470141 144512444
735048871 529158661
550531785 15936252
361894389 960307640
16908216 97843853
578026215 710946279
994105321 143530847
803767307 893455672
88739812 383198911
231639019 363941749
405857770 261372052
252153149 217089126
628455471 206090831
711126223 455802432
666516536 553805058
976019641 891048968
724361281 388489867
551260290 421793770
246194922 832514632
994405216 634256915
578338884 146526247
189944852 814183136
619704377 418106844
967760524 211922326
933028512 351950971
721076772 475192527
11059398 567571832
887907966 533439902
4968061 186964694
692364595 234863350
160294883 22655640
137476301 132993349
57130938 336840462
14641245 74882684
324268222 143356232
384893323 621404152
418007283 851625336
454770789 59069895
283080940 355382155
88370178 915024215
542604796 88664238
93498743 589933570
833362588 414980492
531948006 697394152
74162758 463773264
345440419 324140007
921505232 411146237
811791892 873478087
750540322 501294275
856861586 445069610
209761903 950133475
96950431 23085462
299735062 165468343
801010952 795835546
124215795 437798355
626646129 420386677
88344667 365612367
886128671 631657114
939114018 976353794
842309903 939878431
564623612 977713447
796406422 990360907
708494749 379034288
11857830 581984848
774351713 304530474
197969418 101106064
177801718 719353502
373170934 919348987
318213937 528929499
665913196 316726127
681926835 927986773
545758085 606910980
