14833
22299
21123
19157
20564
14040
13463
21766
17436
15644
19223
19560
26438
14297
16237
17152
17845
22353
12204
23319
22556
24931
16434
13021
14891
21234
24254
14525
24717
25221
18352
15845
19567
27874
18567
13987
19208
18495
17335
17458
14494
20671
19905
13041
22932
16183
20717
18754
25004
26268
23161
24741
23467
10980
16583
19184
19377
12890
17199
21534
21771
19620
19926
19213
21551
12116
18033
11482
15310
19443
15728
23846
14809
18973
14729
16565
18611
18262
22439
20941
18346
14072
23737
12561
14434
24881
21808
18149
18038
26769
21323
16336
20297
16253
11587
20648
16525
23882
26475
27598
18854
24756
17759
24016
21765
22487
20212
17596
20614
19328
20125
15630
16863
19623
19593
20562
22318
27381
25160
21372
13237
12614
16271
20576
26496
19327
20142
14478
19330
23882
17239
15608
21594
18677
20579
17349
18891
18502
23861
13903
14632
22406
27372
22493
23915
23241
12974
21130
21837
17892
20053
25246
20195
20938
17794
25010
20880
20334
18566
24688
18951
28922
22791
20011
22688
15014
21796
17660
17031
21954
16570
18672
14833
13751
16864
19539
16830
22249
14178
26509
19010
10993
17738
20879
14600
14385
15201
26726
27098
20059
14068
22119
21926
22141
17811
21616
19792
17981
11591
20479
26058
15250
25186
9418
19544
15681
23656
11439
25925
21440
18685
17530
23342
26806
13186
19619
28583
14481
27557
12738
14761
20240
19231
19684
20022
11134
23337
19676
22181
21978
20699
14183
24156
26951
15531
14768
24778
15506
20976
12954
16492
22439
21772
12756
15717
17729
18836
26667
16162
23016
16990
22549
16328
21605
24469
13390
20852
26827
19378
20726
13579
18084
18631
21518
23975
15417
15077
17414
14618
19946
13760
12082
19299
13942
12992
20195
23631
18470
23992
16679
10798
25111
19948
14520
22313
11867
14368
21911
24687
23187
17730
20555
19097
17496
13198
13620
14916
10364
25022
24083
22023
14261
17391
21420
18903
14385
11738
18322
18944
24458
19466
23106
22168
21131
27990
12717
21282
24593
21865
13915
12780
20004
18239
20158
21229
14154
14711
20119
26432
13297
22567
23740
20043
20423
22607
13931
21830
20606
22148
16741
21012
22953
19071
17411
17495
18315
16408
24604
16279
15153
21370
19353
16382
18621
13480
21682
18118
15993
10853
21232
17801
20591
16753
21760
13831
17107
18311
16777
21169
18636
18305
16404
12552
12101
12087
12701
15538
24598
14100
13152
15810
25445
23977
22687
23574
25821
17845
19222
19298
18560
16240
18903
27861
19267
9992
19266
25178
11907
20084
21018
18418
22992
25588
20970
14677
17758
15987
12325
19010
16256
25019
21458
21435
19761
13545
23139
13952
16874
18978
20094
18901
19539
16886
27235
23215
19135
17990
17475
24133
15650
18127
16920
24610
22210
18410
22875
23578
21119
21340
19201
24084
11918
22360
21877
22064
16108
23856
20904
27493
18955
16415
25761
14297
26026
19186
27594
15323
21576
23146
20771
27689
21639
19587
20177
20043
14847
12147
15677
19445
22949
17747
18516
13632
13343
19182
24458
19478
25282
17988
26201
21551
16940
22176
14877
15605
18062
26934
17201
12891
26523
17601
11976
16484
26779
21254
24457
19207
23334
20979
20793
20015
12043
17802
28169
26063
19352
19027
20003
15329
14988
27418
21187
18142
26066
10902
17964
24617
25497
12172
23583
20660
25052
25491
22309
23866
10075
14072
17609
13963
13765
26488
19767
14894
13172
20372
16373
21893
15338
12968
20259
10506
15157
22434
11524
19791
19545
25261
23723
17313
21951
12972
19427
18685
22902
20235
21828
18654
22647
23158
25662
16081
13999
20167
22068
24499
13728
19809
20178
20635
20452
14420
23844
15713
10969
22646
21384
21085
13536
18265
27617
17623
17499
22251
22324
26216
19002
16929
21562
16302
22729
19261
24830
19978
20774
16439
14188
17594
16498
25377
20550
15259
22519
17974
19864
25814
21504
21645
20926
17238
12172
16597
20892
18238
19100
28516
18171
27030
21795
14741
12512
20796
20338
12914
21736
25477
23140
18274
25758
21367
18885
19554
15843
23346
20485
17242
23746
19215
27108
18649
14601
17701
22206
19352
27839
24149
21461
18925
18327
21844
26665
20939
16756
20637
12635
16923
14167
13793
14003
24144
25845
19746
17915
26350
21423
16455
16300
12566
18443
19299
20479
17006
19837
16469
19159
14153
14829
20104
20623
22537
19550
13939
26270
26246
16399
16111
21001
23605
11327
19567
19674
13950
18837
20430
21993
14043
12480
12263
18608
27217
22341
24320
10723
27611
23882
24205
16493
14570
16120
16250
17473
23748
23551
11530
17903
23675
25761
21592
18948
27961
22053
27118
20481
23021
23461
18286
17693
20209
17316
12575
24149
21293
17258
20157
25072
17929
26230
13304
16790
15135
20276
14601
19392
15470
23212
22875
25451
23287
19042
22389
16714
15629
27240
18043
19631
20437
16594
20002
19610
15261
22633
25441
19307
21590
27145
24585
13454
16062
24635
10617
19382
24813
19462
17211
16902
20440
12671
22749
13040
23475
17483
18974
26475
15283
19743
20991
15522
15038
13658
17353
17883
17300
22514
21375
22808
18011
16023
23273
12512
16858
20865
19532
23107
20599
20303
15594
22036
19842
16956
23414
20795
21183
16088
23272
10800
20702
20821
15141
18884
15881
25369
15628
22312
22310
16515
27913
14947
18843
23331
23856
20083
24613
17757
23834
13777
18516
17203
15042
23127
19770
21354
18738
16897
15496
24756
16578
14009
17460
26070
21029
24856
18876
20278
17088
15671
16943
19888
18949
12042
22067
12253
10958
19295
19454
23568
26267
21049
26752
20823
20239
14043
10216
23715
24802
23594
16055
19303
18343
19936
21491
24002
12364
25523
16646
12451
19145
20669
17531
9867
22021
20596
18526
17203
11196
15316
23553
20021
18913
20163
18798
27115
23538
22170
28240
18976
18411
23271
20076
26385
17451
12816
24652
13397
20967
16716
19750
16398
18866
22958
24608
24557
22160
16688
13331
18147
14841
23110
17963
19730
25668
18635
13671
20094
20618
22916
22364
23391
18375
21131
21849
22312
14738
26343
18444
14845
12115
15499
27843
18280
19457
14623
17746
13098
19428
17943
12055
26879
13573
15397
13761
16617
22576
25565
17264
13797
24189
21832
25199
26854
26566
15101
23256
17682
19668
26325
18570
11454
19764
24153
20016
16082
18217
22024
17006
23958
18497
18647
23744
21471
22167
19822
16495
22458
22178
20717
19998
17365
20089
14479
18525
16073
19730
23630
22745
18288
13407
24686
12700
19379
27113
23717
10636
20694
18329
16772
19161
15733
13065
21984
13224
21298
18979
16020
26282
10797
12969
21339
12328
19588
17345
14416
15807
15840
11997
23255
22719
16375
21212
16938
13864
15543
23357
18954
16124
28088
10517
27350
20061
14972
14481
19580
19466
18367
16166
13998
24184
18968
18977
27340
19906
17412
22130
23281
25063
20906
12520
26064
15362
14906
14699
19359
19866
15745
19504
19736
21437
19189
20864
16821
20701
13947
16408
15625
21301
23103
21820
13172
20997
27117
19144
18357
10972
12552
16359
16495
22218
24739
26947
13879
22709
25335
23260
22901
24133
19008
22785
18544
24542
15770
14749
19861
14954
20801
17187
17696
17378
23985
19935
22490
18216
21169
22634
19455
13373
21070
16736
10679
22099
21349
17227
24961
18891
17715
23167
21148
25639
14921
14241
13563
19140
27835
21452
17744
18727
15929
21486
16691
27162
21992
24487
18636
14772
19659
20800
14486
12995
25582
20035
18435
20339
19574
27353
26407
20607
9884
13830
18128
20225
18625
14268
19811
19527
25643
25227
19756
21927
18089
18661
16407
13019
16213
20677
25346
24679
18733
17314
17439
19396
21604
28330
16989
17719
18373
20758
18871
22651
28908
11601
21012
15516
22505
11731
17867
17028
16321
10133
22494
17216
17145
24116
19226
22132
28200
23151
18188
27365
22108
21315
11345
22250
21285
26227
16272
17487
19563
21913
24212
20108
11915
12447
20766
22973
23633
25751
16156
13408
22466
24475
14535
13841
18014
19444
28009
19603
19291
21037
18098
18477
14906
14337
18940
20247
15890
15287
13466
9398
16256
23877
25752
20312
12909
10967
22003
23559
16567
17391
19727
18793
18926
23002
27417
22008
23964
18853
16612
12809
20813
20117
10920
19808
13445
18851
27932
20214
22164
20423
19846
19707
22840
19493
14290
24884
13815
19810
21507
16736
17728
19193
26346
19306
20279
19518
17174
13595
21148
21110
27599
21793
12918
18913
24780
21820
14880
25091
13858
19982
17899
17335
24246
11649
20007
14979
18091
25689
16958
16506
17835
22634
11440
26760
11893
19956
16391
17134
12904
22538
22130
16831
24373
19297
15993
15850
22374
18871
18492
22340
19965
17851
16945
15460
20247
25478
18765
18318
16852
13917
21435
17825
22697
24123
17276
22829
17019
15906
17530
16617
19505
22281
21274
23799
16926
20538
18196
17267
11329
22140
21640
13172
10588
19450
17527
22246
21606
18921
17482
11614
26424
18916
26392
19210
20354
14394
20032
17636
23624
24045
23792
21334
18402
19085
19939
19602
22820
17922
12847
14972
25669
15359
21811
22962
19359
27294
19206
11689
23136
18384
14886
20769
21001
12167
14701
18340
17375
14706
12027
14652
19321
18820
15438
12413
22434
17084
20581
16262
18113
16830
18300
14840
14723
14530
24355
23980
21064
16116
18237
17422
26565
17323
18558
17248
24898
18602
24801
14318
12589
19493
11743
19341
17350
19387
21512
23669
15493
20464
25282
17718
23040
27603
21595
22650
19323
17064
21937
16054
18245
21232
22254
22089
22422
24898
28367
11139
20550
21902
18197
14667
20975
17562
14274
17220
18759
20570
10824
25513
12537
13158
15905
21233
24658
20215
23606
23064
20205
25520
16625
21880
13490
28228
23674
18129
10803
13174
24446
20777
22153
22155
18382
21603
23034
17746
28268
22028
21107
22340
19764
19026
20851
22834
17216
21463
19209
16759
18999
20874
20659
21297
21384
20981
19403
16210
26606
19537
17321
21997
24308
17479
15852
17038
14752
18545
12323
16987
25868
26284
16013
13112
15271
24790
18947
22644
21643
18594
17896
22983
27458
16486
10092
12977
18352
16159
12106
24611
19385
15302
23829
24188
13491
24035
15147
19642
21993
19224
18548
12650
25942
21559
19475
23698
23166
20331
20053
14883
24714
22847
25167
15492
23194
11939
27913
21964
22773
22069
17005
18560
18563
17031
26663
16570
25579
18085
12830
21092
22490
16437
12177
21705
23558
20292
21441
17906
20660
21245
19152
12626
20980
21966
22316
14558
14599
20512
17958
21195
20095
22746
24022
16646
28756
14432
20019
13789
16144
14351
22717
19630
18143
21505
18533
13063
16597
15010
15755
16384
12072
23014
20050
25395
22518
16513
24238
14859
22970
17900
21379
24175
23280
26406
22250
28154
17670
21731
19005
18765
21514
10538
15874
19338
10283
12065
20404
15712
13071
19802
11393
16798
23175
10392
12158
20468
20181
12164
23048
24084
26603
19352
18598
17330
15524
23619
21997
17980
23278
14702
19679
21275
18894
26689
18010
24517
24232
18272
20731
18304
22206
18939
19094
19287
25792
19760
12845
10076
14412
22439
16273
17279
20789
19890
19102
23165
22545
18169
13858
15932
21189
19288
21670
16551
24320
18133
14783
16662
17616
24399
25936
27841
21895
22587
17804
28251
19521
16403
21899
18248
20746
18552
17817
19708
21932
17037
19132
24142
22132
20890
19785
22883
10887
18900
19288
17797
17945
19600
19229
21398
19396
20408
15961
15717
24243
23611
23505
17614
25940
15843
19497
18881
18805
18675
23952
18698
16317
17300
14894
21087
22534
22136
17297
24207
16621
22807
19823
26019
15801
13674
23281
20618
18542
19962
13677
17387
22425
15763
14666
12617
15193
23554
21112
21200
18933
19293
24077
9273
19705
20317
18556
13483
16932
21340
18058
15704
17705
16637
14822
22447
20166
17970
16628
21536
20853
27726
18725
19733
25051
22102
24464
17990
21059
13462
17431
21196
27953
23511
18268
19834
19822
12575
23280
15296
21338
13969
18941
15744
16951
22800
15792
20525
17231
24022
12478
13172
17542
15194
15829
22231
21752
18537
21009
17618
15061
14331
11540
22691
26696
23483
19192
18721
17219
21433
14088
24050
20806
22804
16356
20022
21812
28404
24970
21741
21246
21918
28045
27651
16021
21671
24079
12555
19895
15724
17146
16175
14576
26066
21781
18174
15556
15446
13596
18057
22380
21143
20950
16297
11360
14726
23909
15428
16936
26857
19501
12851
18787
12578
19177
18226
21181
23337
11924
17582
20874
16683
21443
22618
16938
16606
19293
22804
27480
20069
23049
24050
19291
15394
23291
18491
20375
14491
20903
15188
24751
14347
23468
25243
17897
24351
19637
17445
22828
16620
26336
20978
17167
16760
15357
25134
24847
21732
21005
23858
23947
22156
13045
17600
19679
15795
19792
14004
20828
18864
18028
10911
23291
15945
18120
19169
16574
20306
24936
23019
14315
20947
17000
18364
23417
